0.0
0.0993346653975
0.194709171154
0.282321236698
0.35867804545
0.420735492404
0.466019542984
0.492724864994
0.499786801521
0.486923815439
0.454648713413
0.40424820191
0.337731590276
0.257750685911
0.167494075078
0.0705600040299
-0.0291870717138
-0.127770551013
-0.221260221647
-0.305928945471
-0.378401247654
-0.435787886207
-0.475801036945
-0.496845501817
-0.498082304418
-0.479462137332
-0.44172732786
-0.386382243778
-0.315633318936
-0.232301089707
-0.139707749099
-0.0415447014087
0.0582746024252
0.155770681757
0.247056675569
0.328493299359
0.396833931925
0.449354047906
0.483959836016
0.499271672687
0.494679123312
0.47036527834
0.427299454044
0.367198548937
0.292458596446
0.206059242621
0.11144495705
0.0123877127267
-0.0871633906115
-0.183239564626
-0.272010555445
-0.349937343797
-0.413913234543
-0.461387710806
-0.490468115033
-0.499995103275
-0.489588864576
-0.459664262832
-0.411414297484
-0.346762542389
-0.268286459
-0.179114641118
-0.0828020877242
0.0168115236106
0.115754912551
0.210083518413
0.296036757354
0.370187944976
0.429580907428
0.471847834722
0.495303677847
0.499013326358
0.482828888275
0.44739558607
0.394126033688
0.325143920079
0.243199344427
0.151559178373
0.0538768261497
-0.0459534251138
-0.143951658333
-0.236210993199
-0.319053341174
-0.389176039267
-0.443783516791
-0.48069874594
-0.498450033021
-0.496329690235
-0.474422248959
-0.433601089743
-0.375493623386
-0.302416411203
-0.217282811036
-0.123486830868
-0.0247678204392
0.0749386048315
0.17165746441
0.261532882579
0.340981810034
0.406836868754
0.456472625364
0.487910258883
0.499896450071
0.491953347309
0.464397617039
0.418327819268
0.355580611453
0.278657526759
0.190625245827
0.0949933378977
-0.0044256546452
-0.103668210303
-0.198777841561
-0.285962827555
-0.361747378022
-0.423110202088
-0.467604957597
-0.49345777906
-0.499637996068
-0.485899222872
-0.452789181003
-0.401627863347
-0.334454910189
-0.253948295195
-0.163317563052
-0.0661758750489
0.0336040362627
0.132044260692
0.225220297138
0.30941751106
0.38127922524
0.437940539905
0.477142547246
0.497322386939
0.497675552456
0.478187964202
0.439636530825
0.383558176318
0.312188567708
0.228372986072
0.135452894154
0.0371327227922
-0.0626678130482
-0.159969980942
-0.25089465051
-0.331816942106
-0.39951073933
-0.451277304105
-0.485052866854
-0.499490902473
-0.494015812046
-0.46884587015
-0.42498452294
-0.364180383916
-0.288857522223
-0.202018822662
-0.107126270148
-0.00796293130005
0.0915178644903
0.187350131825
0.275713340621
0.35308472859
0.416379742654
0.46307501034
0.491308938682
0.499955930054
0.488671256196
0.457904801445
0.408883127263
0.343560573102
0.26454134306
0.174975684478
0.0784342975242
-0.0212340173585
-0.120055798977
-0.214091334748
-0.299591724607
-0.373148337822
-0.431828704346
-0.473293423142
-0.495889426722
-0.498715883727
-0.481660112237
-0.445402072038
-0.391387256775
-0.321769066678
-0.239322959294
-0.14733580075
-0.0494748287751
0.0503585484963
0.148184289355
0.240102390219
0.322448366472
0.391939343899
0.445804936521
0.481897693142
0.498778709454
0.495774992607
0.473006291313
0.431380321843
0.37255658024
0.298880183453
0.213288376922
0.119193435874
0.0203466286749
-0.0793113344024
-0.175807404858
-0.265294588875
-0.344205314819
-0.409393661063
-0.458260773958
-0.48885847592
-0.499966933129
-0.491143286452
-0.462739306836
-0.415887371314
-0.352455318707
-0.27497198478
-0.186526385544
-0.0906445679348
0.00885096255271
0.107993633094
0.202830938278
0.289582014022
0.364788368696
0.425451762267
0.469153736667
0.494152032086
0.499450045373
0.484836561456
0.450894173824
0.398976058361
0.331152026493
0.250126008339
0.159128255551
0.0617865613726
-0.0380183680292
-0.136307625072
-0.229162727246
-0.31288183465
-0.384127330662
-0.440058882184
-0.47844667476
-0.497760308239
-0.497229809002
-0.47687632638
-0.437511289495
-0.380704058144
-0.308719357377
-0.224426990051
-0.131187426852
-0.0327178349304
0.0670561138228
0.164156746926
0.254712968555
0.335114587922
0.402156246183
0.453165203986
0.486107895152
0.499670998541
0.49331379602
0.467289729194
0.422636295483
0.361133686377
0.285233816819
0.197962575091
0.102799190201
0.00353752599997
-0.0958651681997
-0.191446020663
-0.279394524426
-0.35620445018
-0.418813628574
-0.464726029239
-0.492111269646
-0.499877586679
-0.487715361787
-0.456109464495
-0.40631992219
-0.340331686804
-0.260775501043
-0.170823018981
-0.0740603622158
0.0256548474803
0.124347279366
0.218082377624
0.303123219685
0.376079495537
0.43404266869
0.474701930343
0.496436324042
0.498379368097
0.480453599473
0.443373661997
0.388617815763
0.31836900357
0.235427823875
0.143100879778
0.0450689551857
-0.0547597264269
-0.152405310551
-0.199185239756
-0.243974975886
-0.286326994706
-0.325818128841
-0.362053795934
-0.394671941177
-0.423346654845
-0.447791428677
-0.467762018575
-0.483058885004
-0.493529186733
-0.499068307966
-0.499620903637
-0.495181452391
-0.485794311758
-0.471553274944
-0.452600633682
-0.429125756498
-0.401363196605
-0.369590348325
-0.334124675454
-0.295320539273
-0.253565657884
-0.209277232259
-0.162897777707
-0.114890702407
-0.0657356771868
-0.0159238428091
0.0340470973422
0.0836778501514
0.132472521542
0.179943571287
0.225616684349
0.26903551008
0.309766221926
0.347401852077
0.381566357758
0.411918378522
0.438154647009
0.460013019098
0.477275093161
0.489768392259
0.497368087477
0.499998245173
0.497632585681
0.490294745888
0.478058043064
0.461044742299
0.43942483487
0.413414339745
0.383273145194
0.34930241207
0.311841564709
0.271264899513
0.227977845111
0.182412911439
0.135025368254
0.0862886962229
0.0366898560623
-0.013275577012
-0.0631083649091
-0.112310594885
-0.160390654522
-0.206868143756
-0.25127867488
-0.293178512546
-0.332149007427
-0.36780077922
-0.399777607205
-0.427759989488
-0.451468335354
-0.47066575885
-0.485160445664
-0.494807569678
-0.499510740017
-0.499222964159
-0.493947117463
-0.483735914448
-0.468691382077
-0.448963840345
-0.424750400328
-0.396292994714
-0.363875960495
-0.32782319796
-0.288494934394
-0.246284124808
-0.201612525658
-0.154926480795
-0.106692461748
-0.0573924068916
-0.00751890607659
0.0424297211625
0.0919544046532
0.140560310129
0.187761783448
0.233087203094
0.276083692454
0.31632164482
0.353399015874
0.386945340779
0.416625435746
0.442142747077
0.463242314233
0.479713317312
0.491391183496
0.498159231408
0.499949836949
0.49674510898
0.488577068085
0.475527326627
0.45772627331
0.435351770375
0.408627376458
0.37782011287
0.343237795604
0.305225959745
0.26416440699
0.220463410801
0.174559617087
0.126911681381
0.077995686106
0.0283003837174
-0.0216776867504
-0.071439160938
-0.120486838644
-0.168330651686
-0.214492560499
-0.25851133055
-0.299947140838
-0.338385978444
-0.373443775209
-0.404770245216
-0.432052384732
-0.455017599638
-0.473436429097
-0.487124838253
-0.495946057048
-0.499811946779
-0.498683880753
-0.492573130234
-0.481540751821
-0.465696977391
-0.445200112703
-0.420254955652
-0.391110750002
-0.358058695022
-0.321429035919
-0.281587764141
-0.238932960503
-0.193890817705
-0.146911381948
-0.0984640562248
-0.0490329102
0.000888156455418
0.0508003489451
0.100204961141
0.148608358488
0.19552691024
0.240491821738
0.283053818449
0.322787634971
0.359296264145
0.392214923814
0.421214701614
0.44600584135
0.466340638149
0.482015913444
0.492875045064
0.498809532158
0.49976007929
0.495717188909
0.486721256239
0.472862165665
0.454278392639
0.431155620079
0.403724883083
0.37226026051
0.337076136466
0.29852405909
0.256989227994
0.212886645481
0.166656969977
0.118762113119
0.0696806244846
0.0199029100833
-0.0300736676165
-0.0797497591705
-0.128629017493
-0.176223057191
-0.222056334354
-0.265670898026
-0.306630965903
-0.344527278529
-0.378981188473
-0.409648443656
-0.436222627002
-0.458438218054
-0.476073245972
-0.488951507385
-0.496944326962
-0.499971843092
-0.498003805834
-0.491059879167
-0.479209444509
-0.462570907488
-0.441310514865
-0.415640693455
-0.385817927629
-0.352140196604
-0.314943997137
-0.274600981357
-0.231514243343
-0.186114291537
-0.138854747252
-0.0902078122312
-0.0406595505694
0.0092949678814
0.0591566140856
0.108427186956
0.156614391217
0.203236756249
0.247828446795
0.289943917421
0.329162364268
0.365091929577
0.397373617009
0.425684878614
0.449742837625
0.469307114867
0.48418223055
0.494219557435
0.499318805869
0.499429025848
0.494549116089
0.484727835039
0.470063313691
0.450702075095
0.426837570347
0.39870824569
0.366595160037
0.330819176725
0.291737757554
0.249741391145
0.205249691309
0.158707204404
0.110578967574
0.0613458622531
0.0114998093545
-0.0384611458377
-0.0880378099743
-0.136734829415
-0.184065639639
-0.229557326835
-0.272755353104
-0.313228098045
-0.35057117137
-0.384411453434
-0.414410823324
-0.440269537254
-0.461729223502
-0.478575463976
-0.49063993661
-0.497802097181
-0.499990383748
-0.497182931676
-0.489407792098
-0.476742651638
-0.459314056192
-0.437296146526
-0.410908918315
-0.380416024021
-0.346122138563
-0.30836991511
-0.267536561399
-0.224030070801
-0.178285145791
-0.130758854537
-0.0819260640323
-0.0322746953765
0.0176991513668
0.0674961540403
0.116618757454
0.164576144792
0.210889141693
0.255095004001
0.296752041352
0.335444030399
0.370784373577
0.40241996186
0.430034702906
0.453352679351
0.472140905683
0.486211656154
0.495424340477
0.499686908556
0.498956770218
0.493241220766
0.48259736808
0.467131562017
0.4469983318
0.435242526729
0.42239884201
0.408499380167
0.393578882617
0.377674642831
0.360826413128
0.343076305307
0.324468685393
0.305050062746
0.284868973808
0.263975860794
0.242422945603
0.220264099299
0.197554707459
0.174351531735
0.150712567981
0.126696901298
0.102364558343
0.0777763573035
0.0529937558756
0.0280786976566
0.00309345731648
-0.0218995150558
-0.0468377500456
-0.0716589150528
-0.0963009700917
-0.120702322858
-0.144801982677
-0.168539712952
-0.191856181718
-0.214693109946
-0.236993417209
-0.258701364353
-0.279762692815
-0.300124760243
-0.319736672073
-0.338549408737
-0.356515948193
-0.373591383449
-0.389733034808
-0.404900556549
-0.419056037767
-0.432164097131
-0.444191971319
-0.455109596909
-0.464889685524
-0.473507792034
-0.480942375663
-0.487174853822
-0.492189648563
-0.495974225509
-0.49851912519
-0.499817986682
-0.499867563507
-0.49866773175
-0.496221490364
-0.49253495368
-0.487617336118
-0.481480929163
-0.474141070635
-0.465616106358
-0.455927344304
-0.445099001331
-0.433158142658
-0.420134614213
-0.406060968034
-0.390972380907
-0.374906566443
-0.35790368081
-0.340006222368
-0.321258925442
-0.30170864851
-0.281404257084
-0.260396501568
-0.23873789041
-0.216482558858
-0.193686133651
-0.170405593979
-0.146699129068
-0.122625992734
-0.0982463552802
-0.073621153104
-0.0488119363863
-0.0238807152484
0.00111019524086
0.0260983308202
0.0510212341642
0.0758166109941
0.100422485781
0.124777356653
0.148820349115
0.172491368209
0.195731248715
0.218481903033
0.240686466377
0.262289438902
0.283236824428
0.303476265399
0.322957173754
0.341630857368
0.359450641756
0.376371986738
0.392352597764
0.407352531629
0.42133429631
0.434262944677
0.446106161842
0.45683434593
0.466420682067
0.474841209407
0.482074881016
0.488103616482
0.492912347106
0.496489053566
0.498824795959
0.499913736145
0.499753152341
0.498343445922
0.49568814042
0.491793872717
0.486670376454
0.480330457702
0.472789962957
0.464067739529
0.454185588435
0.443168209904
0.431043141646
0.417840690017
0.40359385427
0.388338244075
0.372111990513
0.354955650766
0.33691210675
0.318026457927
0.298345908585
0.277919649847
0.256798736721
0.235035960492
0.212685716767
0.189803869514
0.166447611435
0.142675321012
0.11854641659
0.0941212078642
0.0694607451364
0.0446266667201
0.0196810448782
-0.00531376932622
-0.0302953018747
-0.055201111946
-0.0799689479855
-0.104536903302
-0.128843570802
-0.152828196476
-0.17643083125
-0.199592480829
-0.222255253152
-0.24436250309
-0.265858974032
-0.286690935995
-0.306806319925
-0.326154847836
-0.344688158485
-0.362359928249
-0.379125986906
-0.39494442804
-0.409775713787
-0.423582773657
-0.43633109719
-0.447988820217
-0.458526804502
-0.467918710571
-0.476141063552
-0.483173311843
-0.488997878486
-0.493600205098
-0.496968788259
-0.499095208267
-0.499974150177
-0.499603417093
-0.497983935655
-0.495119753723
-0.49101803026
-0.485689017439
-0.479146035016
-0.471405437039
-0.462486570974
-0.452411729339
-0.441206093993
-0.428897673187
-0.415517231564
-0.401098213259
-0.385676658308
-0.369291112569
-0.351982531371
-0.333794177154
-0.314771511331
-0.294962080659
-0.274415398398
-0.253182820555
-0.231317417515
-0.208873841399
-0.185908189459
-0.162477863865
-0.138641428227
-0.114458461223
-0.0899894076735
-0.0652954274709
-0.0404382427047
-0.0154799833916
0.0095169678181
0.0344901315646
0.0593770879444
0.0841156325272
0.108643931835
0.132900677895
0.156825241472
0.180357823619
0.203439605136
0.226012893589
0.248021267514
0.269409717436
0.290124783371
0.310114688441
0.329329468295
0.34772109599
0.365243602034
0.381853189289
0.397508342435
0.412169931744
0.425801310878
0.438368408487
0.449839813373
0.460186852997
0.46938366515
0.47740726259
0.484237590502
0.489857576625
0.494253173918
0.497413395679
0.499330342999
0.499999224507
0.499418368349
0.497589226362
0.494516370448
0.490207481147
0.484673328439
0.477927744823
0.469987590744
0.460872712453
0.450605892399
0.439212792286
0.426721888929
0.413164403082
0.398574221399
0.382987811736
0.366444132001
0.348984532775
0.330652653965
0.311494315721
0.291557403911
0.270891750431
0.249549008653
0.227582524315
0.20504720219
0.181999368845
0.158496631862
0.134597735843
0.110362415581
0.0858512467564
0.0611254945249
0.0362469603907
0.0112778277325
-0.0137194936216
-0.0386825233867
-0.0635488669887
-0.0882563715189
-0.112743281083
-0.136948391161
-0.160811201581
-0.184272067747
-0.20727234971
-0.229754558745
-0.251662501036
-0.272941418138
-0.29353812384
-0.313401137104
-0.332480810741
-0.350729455504
-0.368101459285
-0.384553401121
-0.400044159726
-0.414535016271
-0.42798975116
-0.440374734564
-0.451659010475
-0.461814374079
-0.470815442256
-0.478639717023
