#Section             Mass    Compression resistance, Pc (kN)
#Designation         per     for
#Outside Thickness   Metre   Effective lengths, LE (m)
#Diameter
#D      t                   1.0     1.5     2.0     2.5     3.0     3.5     4.0     5.0     6.0     7.0     8.0     9.0     10.0
#mm     mm          kg/m
21.3    2.6         1.20    12.7    5.83    3.33    2.14    1.50    1.10    0.847   0.544   0.379   0.279   0.214   0.169   0.137
21.3    2.9         1.32    13.6    6.24    3.56    2.29    1.60    1.18    0.906   0.582   0.405   0.298   0.229   0.181   0.147
21.3    3.2         1.43    14.3    6.58    3.75    2.42    1.69    1.24    0.955   0.613   0.427   0.314   0.241   0.191   0.154
26.9    2.6         1.56    26.3    12.4    7.11    4.60    3.22    2.37    1.82    1.17    0.817   0.602   0.462   0.365   0.296
26.9    2.9         1.72    28.6    13.4    7.71    4.99    3.49    2.57    1.98    1.27    0.886   0.652   0.500   0.396   0.321
26.9    3.2         1.87    30.5    14.3    8.21    5.31    3.71    2.74    2.10    1.35    0.942   0.694   0.532   0.421   0.341
26.9    3.6         2.07    32.9    15.4 8.85 5.72   4.00 2.95 2.27 1.46 1.02 0.748 0.574 0.454 0.368
33.7    2.6         1.99    50.3    25.1 14.5 9.45   6.63 4.90 3.77 2.43 1.69 1.25 0.957 0.757 0.614
33.7    2.9         2.20    54.9    27.3 15.8 10.3   7.20 5.32 4.09 2.64 1.84 1.35 1.04 0.823 0.667
33.7    3.2         2.41    59.1    29.3 17.0 11.0   7.73 5.71 4.39 2.83 1.97 1.45 1.12 0.882 0.716
33.7    3.6         2.67    64.6    31.9 18.5 12.0   8.40 6.21 4.78 3.08 2.14 1.58 1.21 0.959 0.778
33.7    4.0         2.93    69.8    34.3 19.9 12.9   9.05 6.69 5.14 3.31 2.31 1.70 1.31 1.03 0.838
33.7    4.5         3.24    75.0    36.7 21.2 13.8   9.66 7.14 5.49 3.53 2.46 1.81 1.39 1.10 0.893
33.7    5.0         3.54    80.7    39.4 22.8 14.8   10.3 7.65 5.88 3.78 2.64 1.94 1.49 1.18 0.957
42.4    2.6         2.55    86.7    0.0 29.8 19.5   13.7 10.2 7.85 5.07 3.54 2.61 2.00 1.59 1.29
42.4    2.9         2.82    95.4    54.7 32.6 21.3   15.0 11.1 8.58 5.53 3.86 2.85 2.19 1.73 1.41
42.4    3.2         3.09 104 59.1 35.2 23.0    16.2 12.0 9.25 5.97 4.17 3.07 2.36 1.87 1.52
42.4    3.6         3.44 115 65.1 38.7 25.3 17.8    13.2 10.2 6.56 4.58 3.38 2.59 2.05 1.67
42.4    4.0         3.79 125 69.8 41.4 27.1 19.1   14.1 10.9 7.01 4.90 3.61 2.77 2.19 1.78
42.4    4.5         4.21 137 76.5 45.3 29.6 20.8   15.4 11.9 7.67 5.35 3.95 3.03 2.40 1.95
42.4    5.0  4.61 148 81.6 48.2 31.5 22.2   16.4 12.6 8.16 5.69 4.20 3.22 2.55 2.07
48.3    2.6  2.93 110 71.8 44.1 29.2 20.6   15.3 11.8 7.64 5.34 3.94 3.03 2.40 1.95
48.3    2.9  3.25 121 79.0 48.5 32.0 22.6   16.8 13.0 8.37 5.85 4.32 3.32 2.63 2.13
48.3    3.2  3.56 132 85.6 52.4 34.6 24.5   18.2 14.0 9.05 6.33 4.67 3.59 2.84 2.30
48.3    3.6  3.97 147 94.7 57.9 38.2 27.0   20.0 15.5 9.99 6.98 5.15 3.96 3.13 2.54
48.3    4.0  4.37 161 102 62.3 41.1 29.0 21.5    16.6 10.7 7.49 5.53 4.25 3.36 2.73
48.3    4.5  4.86 178 112 68.4 45.1 31.8 23.6   18.2 11.8 8.22 6.07 4.66 3.69 3.00
48.3    5.0  5.34 194 121 73.4 48.4 34.1 25.3   19.5 12.6 8.81 6.50 4.99 3.95 3.21
48.3    5.6  5.90 212 131 79.1 52.1 36.7 27.3   21.0 13.6 9.48 6.99 5.37 4.25 3.45
48.3    6.3  6.53 233 142 85.5 56.2 39.6 29.4   22.7 14.6 10.2 7.54 5.79 4.58 3.72
60.3    2.6  3.70 151 122 83.0 56.5 40.4 30.1   23.3 15.1 10.6 7.83 6.02 4.77 3.88
60.3    2.9  4.11 167 134 91.4 62.2 44.4 33.2   25.7 16.6 11.7 8.61 6.62 5.25 4.26
60.3    3.2  4.51 183 147 99.5 67.6 48.3 36.1   27.9 18.1 12.7 9.36 7.20 5.71 4.63
60.3    3.6  5.03 204 163 110 74.9 53.4 39.9    30.9 20.0 14.0 10.4 7.96 6.31 5.12
60.3    4.0  5.55 225 179 121 81.8 58.4 43.6    33.7 21.9 15.3 11.3 8.69 6.89 5.60
60.3    4.5  6.19 251 197 132 89.7 63.9 47.7 36.9    23.9 16.7 12.4 9.51 7.54 6.12
60.3    5.0  6.82 275 215 143 96.9 69.1 51.5 39.8   25.8 18.1 13.4 10.3 8.14 6.61
60.3    5.6  7.55 304 236 156 105 75.0 55.9 43.2    28.0 19.6 14.5 11.1 8.83 7.17
60.3    6.3  8.39 337 259 171 115 81.8 61.0 47.1 30.6    21.4 15.8 12.1 9.62 7.81
60.3    8.0  10.3 409 307 200 134 95.3 71.0 54.8 35.5   24.9 18.4 14.1 11.2 9.08
76.1    2.9  5.24 223 202 164 120 88.5 66.9 52.1 34.0   23.9 17.7 13.6 10.8 8.79
76.1    3.2  5.75 245 222 179 132 96.6 73.0 56.9 37.1   26.1 19.3 14.9 11.8 9.59
76.1    3.6  6.44 274 248 199 146 107 81.1 63.2 41.2 29.0    21.4 16.5 13.1 10.6
76.1    4.0  7.11 302 273 218 160 117 88.3 68.8 44.9 31.5 23.3  18.0 14.3 11.6
76.1    4.5  7.95 337 303 242 177 129 97.7 76.1 49.7 34.9 25.8  19.9 15.8 12.8
76.1    5.0  8.77 373 335 266 194 142 107 83.1 54.2 38.1 28.2   21.7 17.2 14.0
76.1    5.6  9.74 412 370 292 211 154 116 90.6 59.1 41.5 30.7   23.7 18.8 15.2
76.1    6.3  10.8 458 410 322 232 169 128 99.3 64.8 45.5 33.7   25.9 20.6 16.7
76.1    8.0  13.4 566 501 387 276 201 151 118 76.6 53.7 39.8    30.6 24.3 19.7
88.9    2.9  6.15 267 250 222 178 137 105 82.6 54.4 38.3 28.5   21.9 17.4 14.2
88.9    3.2  6.76 293 275 243 195 149 115 90.3 59.4 41.9 31.1   24.0 19.0 15.5
88.9    3.6  7.57 328 308 271 218 166 128 100 66.1 46.6 34.6    26.7 21.2 17.2
88.9    4.0  8.38 364 341 300 239 182 140 110 72.4 51.0 37.8 29.2   23.2 18.8
88.9    4.5  9.37 404 379 332 265 202 155 122 80.0 56.4 41.8 32.2   25.6 20.8
88.9    5.0  10.3 448 419 367 291 221 170 133 87.6 61.7 45.8 35.3   28.0 22.8
88.9    5.6  11.5 499 466 407 322 244 187 147 96.3 67.9 50.3 38.8   30.8 25.0
88.9    6.3   12.8 553 516 448 353 267 205 160 105 74.3 55.1 42.4    33.7 27.4
88.9    8.0   16.0 687 638 549 428 322 246 192 126 88.8 65.9 50.7    40.3 32.8
88.9    10.0  19.5 837 775 659 507 379 289 226 148 104 77.2 59.5     47.2 38.4
101.6   3.2   7.77 340 325 301 261 211 167 133 88.5 62.7 46.6 36.0   28.6 23.3
101.6   3.6   8.70 382 365 337 292 236 187 149 98.8 70.0 52.1 40.2   31.9 26.0
101.6   4.0   9.63 423 404 372 322 260 205 163 108 76.7 57.0 44.0    35.0 28.5
101.6   4.5   10.8 471 449 414 357 288 227 181 120 85.0 63.2 48.8 38.8   31.5
101.6   5.0   11.9 522 498 458 394 317 250 198 132 93.2 69.3 53.5 42.5   34.6
101.6   5.6   13.3 580 553 508 436 350 275 218 145 102 76.2 58.8 46.7    38.0
101.6   6.3   14.8 649 618 567 485 388 304 241 160 113 84.2 65.0 51.7    42.0
101.6   8.0   18.5 806 766 699 592 469 367 291 193 136 101 78.1 62.0     50.5
101.6   10.0  22.6 986 935 849 712 560 436 345 228 161 120 92.3 73.4    59.7
114.3   3.2   8.77 389 375 355 323 278 229 186 126 89.5 66.7 51.6 41.1   33.5
114.3   3.6   9.83 434 418 396 360 309 254 206 139 99.4 74.1 57.3 45.6   37.2
114.3   4.0   10.9 482 465 439 399 342 281 227 154 109 81.6 63.1 50.2    40.9
114.3   4.5   12.2 537 518 490 445 381 312 252 170 121 90.6 70.0 55.7 45.4
114.3   5.0   13.5 596 574 543 492 420 343 278 187 133 99.5 76.9 61.2 49.9
114.3   5.6   15.0 662 637 602 544 464 378 306 206 147 109 84.6 67.3 54.8
114.3   6.3   16.8 741 713 672 607 515 419 338 228 162 121 93.3 74.3 60.5
114.3   8.0   21.0 924 889 836 750 632 512 413 277 197 147 114 90.3 73.5
114.3   10.0  25.7 1130 1090 1020 909 760 611 491 329 234 174 134 107 87.1
139.7   3.2   10.8 481 468 453 432 401 358 309 221 160 121 93.8 74.9 61.1
139.7   3.6   12.1 540 526 509 485 450 401 345 246 179 135 105 83.5 68.1
139.7   4.0   13.4 600 584 565 538 499 445 382 273 198 149 116 92.3 75.3
139.7   4.5   15.0 670 653 631 600 556 495 425 302 219 165 128 102 83.5
139.7   5.0   16.6 743 724 700 666 616 548 470 334 243 182 142 113 92.3
139.7   5.6   18.5 827 806 779 740 684 608 521 370 268 201 156 125 102
139.7   6.3   20.7 925 901 870 827 763 675 577 409 296 223 173 138 113
139.7   8.0   26.0 1160 1130 1090 1030 949 836 712 502 363 273 212 169 138
139.7   10.0  32.0 1420 1390 1340 1260 1160 1010 859 603 436 327 254 202 165
139.7   12.5  39.2 1750 1700 1640 1540 1400 1220 1030 719 518 389 302 240 196
168.3   5.0   20.1 908 891 870 844 810 762 700 547 412 315 247 198 162
168.3   5.6   22.5 1010 991 968 939 900 847 776 605 456 348 273 219 179
168.3   6.3   25.2 1130 1110 1090 1050 1010 948 868 674 507 387 303 243 199
168.3   8.0   31.6 1420 1390 1360 1320 1260 1180 1080 834 626 477 373 299 245
168.3   10.0  39.0 1750 1720 1680 1620 1550 1450 1320 1010 758 577 451 361 296
168.3   12.5  48.0 2160 2110 2060 1990 1900 1770 1600 1220 910 692 541 433 354
193.7   5.0   23.3 1050 1030 1020 993 965 929 882 749 595 466 369 298 245
193.7   5.6   26.0 1180 1160 1130 1110 1080 1040 985 835 663 518 410 331 272
193.7   6.3   29.1 1320 1300 1270 1240 1210 1160 1100 933 740 578 458 369 303
193.7   8.0   36.6 1660 1630 1600 1560 1520 1460 1380 1160 918 716 567 457 375
193.7   10.0  45.3 2050 2010 1970 1930 1870 1800 1700 1420 1120 869 687 553 454
193.7   12.5  55.9 2530 2480 2430 2380 2300 2210 2080 1730 1350 1050 829 667 548
193.7   16.0  70.1 3170 3110 3050 2970 2880 2750 2580 2130 1650 1280 1010 810 665
219.1   4.5   23.8 1080 1060 1050 1030 1010 983 950 855 723 587 473 386 319
219.1   5.0   26.4 1190 1180 1160 1140 1120 1090 1050 947 800 648 523 426 351
219.1   5.6   29.5 1330 1320 1300 1280 1250 1220 1180 1060 892 723 582 474 391
219.1   6.3   33.1 1490 1480 1460 1430 1400 1360 1320 1180 996 806 649 528 436
219.1   8.0   41.6 1890 1870 1840 1800 1760 1720 1660 1480 1240 1000 808 657 542
219.1   10.0  51.6 2330 2310 2270 2230 2180 2120 2040 1820 1520 1220 983 799 659
219.1   12.5  63.7 2880 2850 2800 2750 2690 2610 2510 2230 1850 1490 1190 967 797
219.1   14.2  71.8 3240 3210 3150 3100 3020 2940 2820 2500 2070 1650 1320 1070 885
219.1   16.0  80.1 3620 3580 3520 3450 3370 3270 3140 2770 2280 1820 1460 1180 973
244.5   5.0   29.5 1330 1330 1310 1290 1270 1240 1210 1130 1000 850 702 580 482
244.5   5.6   33.0 1490 1480 1460 1440 1420 1390 1360 1260 1120 947 782 645 536
244.5   6.3   37.0 1670 1660 1640 1620 1590 1560 1520 1410 1250 1060 872 719 598
244.5   8.0   46.7 2110 2100 2070 2040 2000 1960 1910 1770 1570 1320 1090 897 746
244.5   10.0  57.8 2620 2600 2570 2530 2480 2430 2370 2190 1930 1620 1330 1100 911
244.5   12.5  71.5 3230 3210 3170 3120 3070 3000 2920 2690 2360 1980 1620 1330 1100
244.5   14.2  80.6 3660 3630 3580 3530 3460 3390 3300 3040 2660 2220 1810 1490 1240
244.5   16.0  90.2 4080 4050 4000 3930 3860 3780 3670 3380 2950 2450 2000 1640 1360
273.0   5.0   33.0 1480 1440 1390 1320 1220 1080 926 780 657 557 476 411 358
273.0   5.6   36.9 1650 1600 1550 1470 1360 1200 1030 868 731 619 530 457 398
273.0   6.3   41.4 1850 1800 1740 1650 1520 1350 1150 970 817 692 591 510 444
273.0   8.0   52.3 2330 2270 2190 2080 1920 1690 1440 1210 1020 863 737 636 554
273.0   10.0  64.9 2890 2820 2720 2570 2370 2080 1770 1490 1250 1060 904 780 679
273.0   12.5  80.3 3570 3470 3350 3170 2900 2550 2160 1810 1520 1280 1100 946 823
273.0   14.2  90.6 4020 3910 3770 3560 3260 2850 2410 2020 1690 1430 1220 1050 917
273.0   16.0  101 4510 4390 4220 3990 3640 3180 2680 2240 1880 1590 1350 1170 1020
323.9   5.0   39.3 1730 1700 1660 1610 1540 1450 1320 1170 1030 888 770 671 588
323.9   5.6   44.0 1980 1940 1890 1830 1750 1640 1500 1330 1150 998 864 752 659
323.9   6.3   49.3 2220 2180 2120 2050 1960 1830 1670 1470 1280 1100 956 831 728
323.9   8.0   62.3 2800 2750 2680 2590 2480 2320 2100 1860 1610 1390 1210 1050 919
323.9   10.0  77.4 3480 3410 3320 3210 3070 2860 2590 2280 1980 1710 1480 1280 1120
323.9   12.5  96.0 4300 4210 4110 3970 3780 3520 3180 2790 2420 2080 1800 1560 1370
323.9   14.2  108 4870 4770 4650 4490 4280 3980 3600 3160 2730 2350 2030 1770 1550
323.9   16.0  121 5460 5350 5210 5030 4790 4450 4010 3510 3030 2600 2250 1950 1710
355.6   6.3   54.3 2450 2400 2360 2300 2220 2120 1980 1800 1610 1420 1240 1090 959
355.6   8.0   68.6 3100 3040 2980 2900 2800 2670 2490 2270 2020 1770 1550 1360 1200
355.6   10.0  85.2 3860 3790 3710 3610 3480 3310 3090 2800 2490 2180 1910 1670 1470
355.6   12.5  106 4780 4690 4590 4470 4310 4090 3800 3440 3050 2670 2330 2040 1790
355.6   14.2  120 5380 5280 5170 5030 4850 4610 4280 3880 3440 3010 2630 2300 2020
355.6   16.0  134 6050 5940 5810 5650 5440 5160 4790 4320 3820 3340 2920 2550 2240
406.4   6.3   62.2 2760 2720 2680 2620 2560 2480 2380 2250 2090 1900 1710 1530 1360
406.4   8.0   78.6 3550 3500 3440 3380 3290 3190 3050 2880 2670 2420 2170 1940 1730
406.4   10.0  97.8 4440 4380 4300 4220 4110 3980 3810 3590 3310 3010 2690 2400 2130
406.4   12.5  121 5500 5430 5330 5220 5090 4930 4710 4430 4080 3700 3310 2940 2610
406.4   14.2  137 6210 6130 6020 5900 5750 5560 5310 5000 4610 4170 3730 3320 2950
406.4   16.0  154 6960 6860 6740 6600 6430 6220 5930 5570 5130 4630 4140 3680 3260
457.0   6.3   70.0 2930 2910 2870 2830 2780 2720 2650 2560 2450 2310 2150 1980 1810
457.0   8.0   88.6 4010 3980 3920 3860 3790 3700 3590 3460 3280 3080 2840 2590 2340
457.0   10.0  110 4970 4930 4860 4780 4690 4580 4440 4270 4050 3790 3490 3180 2880
457.0   12.5  137 6210 6160 6070 5970 5860 5720 5540 5320 5050 4720 4340 3950 3560
457.0   14.2  155 7030 6970 6870 6760 6630 6470 6270 6020 5710 5340 4910 4470 4030
457.0   16.0  174 7880 7810 7700 7570 7420 7240 7020 6740 6380 5950 5470 4970 4480
508.0   6.3   77.9 3090 3090 3050 3010 2970 2920 2870 2800 2730 2630 2520 2380 2230
508.0   8.0   98.6 4420 4400 4350 4290 4220 4150 4060 3950 3820 3650 3460 3230 2990
508.0   10.0  123 5540 5520 5450 5370 5290 5190 5080 4940 4760 4550 4300 4010 3700
508.0   12.5  153 6920 6890 6810 6710 6610 6480 6340 6160 5940 5670 5350 4980 4590
508.0   14.2  173 7810 7780 7680 7570 7450 7320 7150 6950 6700 6400 6030 5620 5180
508.0   16.0  194 8770 8730 8620 8500 8360 8210 8020 7790 7510 7160 6740 6270 5770
