1.0	0.12526315789473683	0.4092857142857143	0.5	0.23076923076923078	0.375	0.055614035087719296	0.0	0.0	0.0	1.0	0.5	0.05	0.01212	1
0.0	0.1341353383458647	0.25	0.5	0.5384615384615384	0.375	0.005789473684210527	0.0	0.0	0.0	0.0	0.5	0.08	0.0	1
0.0	0.23804511278195487	0.0625	0.0	0.23076923076923078	0.375	0.043859649122807015	0.0	0.0	0.0	1.0	0.5	0.14	0.0	1
0.0	0.11909774436090229	0.4107142857142857	0.0	0.3076923076923077	0.25	0.0	1.0	1.0	0.16417910447761194	1.0	0.5	0.0	0.0	2
1.0	0.09654135338345868	0.29178571428571426	0.5	0.38461538461538464	0.375	0.0687719298245614	1.0	1.0	0.208955223880597	0.0	0.5	0.03	0.00158	2
0.0	0.03127819548872181	0.02089285714285714	0.5	0.5384615384615384	0.875	0.05263157894736842	1.0	1.0	0.029850746268656716	0.0	0.5	0.05	0.0	2
1.0	0.05518796992481206	0.23214285714285715	0.5	0.15384615384615385	0.375	0.0043859649122807015	0.0	0.0	0.0	0.0	0.5	0.03	0.0010	1
0.0	0.6754887218045112	0.15928571428571428	0.5	0.7692307692307693	0.875	0.10666666666666667	1.0	1.0	0.08955223880597014	0.0	0.5	0.0215	0.0056	2
1.0	0.21172932330827066	0.03571428571428571	0.0	0.07692307692307693	0.875	0.10526315789473684	0.0	0.0	0.0	0.0	0.5	0.088	0.00537	1
0.0	0.631578947368421	0.25285714285714284	0.5	0.23076923076923078	0.875	0.23684210526315788	1.0	1.0	0.04477611940298507	1.0	0.5	0.05	5.0E-4	1
1.0	0.29699248120300753	0.0625	0.5	1.0	0.875	0.15789473684210525	1.0	1.0	0.05970149253731343	1.0	0.5	0.1265	0.00857	2
1.0	0.4160902255639098	0.17857142857142858	0.5	0.7692307692307693	0.875	0.17543859649122806	1.0	1.0	0.08955223880597014	1.0	0.5	0.235	0.0	2
1.0	0.10406015037593988	0.044642857142857144	0.0	0.5384615384615384	0.875	0.04824561403508772	1.0	1.0	0.04477611940298507	1.0	0.5	0.07	0.0021	1
1.0	0.31834586466165415	0.17857142857142858	0.5	1.0	0.875	0.2631578947368421	1.0	1.0	0.08955223880597014	1.0	0.5	0.0	0.01	2
1.0	0.6741353383458646	0.09678571428571428	0.5	0.5384615384615384	0.375	0.08473684210526317	0.0	0.0	0.0	1.0	0.5	0.16	0.0	1
1.0	0.5162406015037594	0.21571428571428572	0.5	0.23076923076923078	0.375	0.0014035087719298247	0.0	0.0	0.0	0.0	0.5	0.0	0.0269	2
1.0	0.23804511278195487	0.16071428571428573	0.5	0.6153846153846154	0.375	0.2631578947368421	1.0	1.0	0.029850746268656716	1.0	0.5	0.165	0.0	2
0.0	0.07774436090225567	0.32142857142857145	0.5	0.38461538461538464	0.375	0.02631578947368421	1.0	1.0	0.029850746268656716	0.0	0.5	0.044	0.00591	2
1.0	0.09398496240601503	0.044642857142857144	0.0	0.23076923076923078	0.375	0.0043859649122807015	0.0	0.0	0.0	0.0	0.5	0.07	4.0E-5	1
0.0	0.1303759398496241	0.20232142857142857	0.5	0.7692307692307693	0.375	0.09070175438596491	1.0	1.0	0.1044776119402985	0.0	0.5	0.0645	0.03257	2
0.0	0.21684210526315792	0.02089285714285714	0.5	0.38461538461538464	0.375	0.0014035087719298247	0.0	0.0	0.0	0.0	0.5	0.13	0.01004	1
0.0	0.08150375939849627	0.02089285714285714	0.0	0.38461538461538464	0.375	0.020526315789473684	1.0	0.0	0.0	1.0	0.5	0.08	0.0	1
1.0	0.4123308270676692	0.047678571428571424	0.5	0.07692307692307693	0.375	0.005789473684210527	0.0	0.0	0.0	0.0	0.5	0.084	0.0	1
1.0	0.41849624060150376	0.0625	0.5	0.23076923076923078	0.375	0.007368421052631579	1.0	0.0	0.0	0.0	0.5	0.08	0.0	1
1.0	0.08646616541353383	0.3423214285714286	0.5	0.38461538461538464	0.375	0.027719298245614036	0.0	0.0	0.0	0.0	0.5	0.04	0.0035	1
1.0	0.2857142857142857	0.05357142857142857	0.5	0.9230769230769231	0.875	0.19298245614035087	1.0	1.0	0.04477611940298507	1.0	0.5	0.0	0.0	2
1.0	0.13157894736842105	0.004464285714285714	0.0	0.23076923076923078	0.375	0.0043859649122807015	0.0	0.0	0.0	0.0	0.5	0.1	7.0E-4	1
1.0	0.29203007518797	0.10857142857142857	0.0	0.5384615384615384	0.875	0.07157894736842105	1.0	1.0	0.014925373134328358	1.0	0.5	0.09	0.18027	2
0.0	0.25443609022556396	0.42857142857142855	0.5	0.5384615384615384	0.375	0.07017543859649122	1.0	1.0	0.014925373134328358	0.0	0.5	0.11	1.9E-4	2
1.0	0.14030075187969923	0.08928571428571429	0.5	0.5384615384615384	0.375	0.03807017543859649	1.0	1.0	0.16417910447761194	1.0	0.5	0.03	0.02184	2
1.0	0.19924812030075187	0.026785714285714284	0.5	0.5384615384615384	0.875	0.14912280701754385	1.0	1.0	0.04477611940298507	1.0	0.5	0.156	0.0015	2
0.0	0.10030075187969928	0.375	0.0	1.0	0.875	0.0	0.0	0.0	0.0	1.0	0.5	0.077	3.2E-4	1
1.0	0.5801503759398496	0.049107142857142856	0.0	0.5384615384615384	0.875	0.3319298245614035	1.0	0.0	0.0	1.0	0.5	0.1	0.0010	1
1.0	0.14030075187969923	0.4107142857142857	0.5	0.6153846153846154	0.875	0.07456140350877193	1.0	1.0	0.16417910447761194	1.0	0.5	0.145	0.00284	2
1.0	0.43729323308270673	0.044642857142857144	0.5	0.46153846153846156	0.375	0.4868421052631579	0.0	1.0	0.014925373134328358	1.0	0.5	0.176	0.00112	1
1.0	0.9184962406015037	0.6785714285714286	0.0	0.0	0.0	0.0014035087719298247	0.0	1.0	0.029850746268656716	0.0	0.5	0.0	0.00351	1
1.0	0.16917293233082706	0.44642857142857145	0.5	0.38461538461538464	0.375	0.10526315789473684	1.0	0.0	0.0	1.0	0.0	0.01	0.0	2
1.0	0.38842105263157894	0.4969642857142857	0.5	0.6153846153846154	0.375	0.3026315789473684	1.0	1.0	0.08955223880597014	1.0	0.5	0.035	0.0	2
0.0	0.5112781954887218	0.2857142857142857	0.5	0.5384615384615384	0.375	0.27631578947368424	1.0	1.0	0.08955223880597014	1.0	0.5	0.0	0.0126	2
0.0	0.5063157894736843	0.10714285714285714	0.5	1.0	0.375	0.4868421052631579	1.0	1.0	0.029850746268656716	1.0	0.5	0.2595	0.01704	2
1.0	0.1416541353383459	0.0	0.5	0.9230769230769231	0.375	0.0029824561403508773	1.0	0.0	0.0	0.0	0.5	0.0	0.0	2
1.0	0.13278195488721803	0.05357142857142857	0.0	0.38461538461538464	0.375	0.018947368421052633	0.0	0.0	0.0	1.0	0.5	0.06	6.7E-4	1
1.0	0.19548872180451127	0.04017857142857143	0.5	1.0	0.875	0.043859649122807015	1.0	0.0	0.0	0.0	0.5	0.0	0.05298	2
1.0	0.7455639097744361	0.019285714285714288	0.5	0.5384615384615384	0.375	0.020526315789473684	1.0	1.0	0.04477611940298507	1.0	0.5	0.09	0.0	1
1.0	0.15037593984962405	0.01482142857142857	0.0	0.5384615384615384	0.375	0.0014035087719298247	0.0	1.0	0.029850746268656716	0.0	0.5	0.064	6.0E-5	1
0.0	0.10526315789473684	0.36607142857142855	0.5	0.7692307692307693	0.375	0.024912280701754386	1.0	1.0	0.029850746268656716	1.0	0.5	0.0245	0.0	2
0.0	0.16165413533834586	0.0625	0.0	0.5384615384615384	0.375	0.005789473684210527	0.0	0.0	0.0	0.0	0.5	0.066	0.0	1
1.0	0.03639097744360905	0.0014285714285714286	0.5	0.5384615384615384	0.375	0.0014035087719298247	0.0	0.0	0.0	0.0	0.5	0.0	0.0	2
0.0	0.23684210526315788	0.07142857142857142	0.0	0.6923076923076923	0.875	0.07017543859649122	0.0	0.0	0.0	0.0	0.5	0.128	1.7E-4	1
0.0	0.5876691729323308	0.5357142857142857	0.5	0.5384615384615384	0.375	0.19298245614035087	1.0	1.0	0.208955223880597	0.0	0.5	0.0	0.022	2
1.0	0.2793984962406015	0.125	0.5	0.23076923076923078	0.375	0.017543859649122806	0.0	0.0	0.0	1.0	0.5	0.116	0.0	1
1.0	0.11022556390977441	0.14732142857142858	0.0	0.15384615384615385	0.875	0.0014035087719298247	0.0	0.0	0.0	0.0	0.5	0.07	0.0010	1
1.0	0.21684210526315792	0.004464285714285714	0.0	0.23076923076923078	0.375	0.0029824561403508773	0.0	0.0	0.0	0.0	0.5	0.108	0.021	1
1.0	0.07894736842105263	0.0625	0.0	0.5384615384615384	0.375	0.0819298245614035	0.0	0.0	0.0	1.0	0.5	0.056	6.0E-5	1
1.0	0.20796992481203005	0.11607142857142858	0.0	0.7692307692307693	0.875	0.17842105263157895	0.0	1.0	0.029850746268656716	1.0	0.5	0.1845	1.0E-5	1
1.0	0.21172932330827066	0.05357142857142857	0.5	0.6153846153846154	0.375	0.07017543859649122	1.0	1.0	0.16417910447761194	1.0	0.5	0.217	3.5E-4	2
1.0	0.39473684210526316	0.23214285714285715	0.5	0.38461538461538464	0.5	0.12280701754385964	1.0	1.0	0.014925373134328358	0.0	0.5	0.0	0.0050	2
0.0	0.3545864661654135	0.08928571428571429	0.5	0.15384615384615385	0.875	0.007368421052631579	0.0	0.0	0.0	0.0	0.5	0.13	0.00246	1
1.0	0.4323308270676692	0.1755357142857143	0.0	0.6153846153846154	0.375	0.11105263157894738	1.0	0.0	0.0	1.0	0.5	0.026	0.01442	2
1.0	0.6466165413533834	0.4375	0.5	0.46153846153846156	0.375	0.043859649122807015	1.0	1.0	0.05970149253731343	1.0	0.5	0.1	0.0	2
1.0	0.442406015037594	0.17857142857142858	0.5	0.15384615384615385	0.5	0.07894736842105263	0.0	0.0	0.0	1.0	0.5	0.0705	0.0	1
0.0	0.15037593984962405	0.025357142857142856	0.5	0.6153846153846154	0.375	0.008771929824561403	0.0	1.0	0.014925373134328358	1.0	0.5	0.12	4.0E-5	1
1.0	0.07142857142857142	0.07142857142857142	0.5	0.15384615384615385	0.375	0.05263157894736842	1.0	1.0	0.029850746268656716	0.0	0.5	0.06	0.0030	2
0.0	0.4072180451127819	0.125	0.5	0.15384615384615385	0.5	0.017543859649122806	0.0	0.0	0.0	0.0	0.0	0.58	0.0	1
0.0	0.16165413533834586	0.017857142857142856	0.5	0.7692307692307693	0.875	0.05263157894736842	1.0	0.0	0.0	0.0	0.5	0.14	0.00824	2
1.0	0.424812030075188	0.3496428571428571	0.5	1.0	0.875	0.2792982456140351	1.0	1.0	0.11940298507462686	0.0	0.5	0.0	0.0	2
0.0	0.08646616541353383	0.005892857142857143	0.5	0.7692307692307693	0.375	0.0014035087719298247	0.0	0.0	0.0	1.0	0.5	0.19	0.0	1
1.0	0.11654135338345864	0.4107142857142857	0.5	0.15384615384615385	0.375	0.017543859649122806	1.0	0.0	0.0	1.0	0.5	0.05	6.8E-4	1
1.0	0.2631578947368421	0.10124999999999999	0.5	0.0	0.0	0.0	0.0	1.0	0.07462686567164178	0.0	0.5	0.088	0.00146	1
1.0	0.20300751879699247	0.056607142857142856	0.5	0.9230769230769231	0.875	0.0643859649122807	1.0	1.0	0.1791044776119403	1.0	0.5	0.2915	0.00713	2
1.0	0.5263157894736842	0.9405357142857144	0.0	0.0	0.0	0.0	1.0	0.0	0.0	1.0	0.5	0.0	0.0	1
0.0	0.25067669172932333	0.049107142857142856	0.5	0.6153846153846154	0.875	0.0014035087719298247	0.0	1.0	0.04477611940298507	0.0	0.5	0.0	3.3E-4	1
1.0	0.23563909774436093	0.044642857142857144	0.5	0.6153846153846154	0.375	0.06140350877192982	0.0	0.0	0.0	0.0	0.5	0.1	0.0	1
1.0	0.21804511278195488	0.18	0.0	0.5384615384615384	0.5	0.05263157894736842	1.0	1.0	0.11940298507462686	1.0	0.5	0.072	7.0E-5	2
1.0	0.39849624060150374	0.7678571428571429	0.5	0.6923076923076923	1.0	0.7017543859649122	1.0	1.0	0.16417910447761194	0.0	0.5	0.0	0.012	2
1.0	0.34210526315789475	0.15178571428571427	0.5	0.7692307692307693	0.375	0.12280701754385964	0.0	0.0	0.0	0.0	0.5	0.227	5.0E-4	1
1.0	0.17789473684210524	0.011964285714285715	0.5	0.23076923076923078	0.875	0.12280701754385964	0.0	0.0	0.0	1.0	0.5	0.17	0.0	1
1.0	0.24180451127819547	0.125	0.5	0.5384615384615384	0.375	0.005789473684210527	0.0	0.0	0.0	0.0	0.5	0.108	0.0	1
1.0	0.14030075187969923	0.0	0.5	0.23076923076923078	0.375	0.03508771929824561	0.0	1.0	0.16417910447761194	0.0	0.0	0.0	0.0	1
0.0	0.27699248120300757	0.052142857142857144	0.5	0.6153846153846154	0.375	0.03807017543859649	1.0	1.0	0.23880597014925373	0.0	0.5	0.06	0.02079	2
1.0	0.1717293233082707	0.125	0.5	0.9230769230769231	0.375	0.021929824561403508	1.0	1.0	0.1044776119402985	0.0	0.5	0.0	0.07059	2
0.0	0.3221052631578948	0.13392857142857142	0.5	0.0	0.0	0.0	0.0	1.0	0.08955223880597014	0.0	0.5	0.0	0.0020	1
0.0	0.0726315789473684	0.35714285714285715	0.5	0.07692307692307693	0.375	0.01456140350877193	0.0	0.0	0.0	0.0	0.5	0.04	4.2E-4	1
1.0	0.3935338345864662	0.17857142857142858	0.5	0.15384615384615385	0.5	0.007368421052631579	0.0	0.0	0.0	0.0	0.5	0.275	0.0	1
1.0	0.1454135338345865	0.03571428571428571	0.5	0.5384615384615384	0.375	0.017543859649122806	0.0	0.0	0.0	1.0	0.0	0.14	0.0	1
1.0	0.35834586466165413	0.0	0.5	0.5384615384615384	0.375	0.0	0.0	0.0	0.0	0.0	1.0	0.092	0.0	2
0.0	0.16541353383458646	0.48803571428571424	0.5	0.7692307692307693	0.875	0.05263157894736842	0.0	0.0	0.0	0.0	0.5	0.14	1.0E-5	1
0.0	0.5	0.4642857142857143	0.5	0.15384615384615385	0.5	0.1812280701754386	1.0	1.0	0.13432835820895522	1.0	0.5	0.0	0.0	2
1.0	0.3070676691729324	0.1875	0.5	0.6153846153846154	0.375	0.0029824561403508773	0.0	0.0	0.0	1.0	0.5	0.145	6.0E-5	2
1.0	0.1266165413533835	0.02089285714285714	0.0	0.0	0.0	0.0	0.0	0.0	0.0	0.0	0.5	0.05	0.0	1
1.0	0.21052631578947367	0.046071428571428576	0.5	0.23076923076923078	0.875	0.008771929824561403	0.0	0.0	0.0	1.0	0.0	0.07	0.0	1
1.0	0.43609022556390975	0.14589285714285713	0.5	0.38461538461538464	0.375	0.0014035087719298247	0.0	0.0	0.0	0.0	0.5	0.054	0.0010	1
1.0	0.22436090225563912	0.5178571428571429	0.5	0.07692307692307693	0.375	0.0043859649122807015	0.0	0.0	0.0	0.0	0.5	0.0	0.00286	1
1.0	0.3383458646616541	0.17857142857142858	0.5	0.5384615384615384	0.5	0.08771929824561403	1.0	1.0	0.08955223880597014	0.0	0.5	0.0	0.00367	2
0.0	0.06646616541353385	0.35714285714285715	0.0	0.7692307692307693	0.875	0.005789473684210527	0.0	0.0	0.0	0.0	0.5	0.17	0.0	1
1.0	0.11278195488721804	0.05357142857142857	0.5	0.6153846153846154	0.375	0.05263157894736842	0.0	0.0	0.0	0.0	0.5	0.075	8.0E-5	2
0.0	0.3784962406015038	0.05946428571428571	0.5	0.38461538461538464	0.375	0.008771929824561403	0.0	0.0	0.0	0.0	0.5	0.0	0.0039	1
1.0	0.2718796992481203	0.0014285714285714286	0.0	0.46153846153846156	0.375	0.0014035087719298247	0.0	0.0	0.0	0.0	0.5	0.0	0.0	1
0.0	0.05383458646616539	0.3392857142857143	0.5	0.38461538461538464	0.375	0.06140350877192982	0.0	1.0	0.14925373134328357	1.0	0.5	0.0	1.0E-4	1
0.0	0.10030075187969928	0.02982142857142857	0.5	0.7692307692307693	0.375	0.055614035087719296	1.0	1.0	0.014925373134328358	0.0	0.5	0.0	0.0	2
0.0	0.38090225563909774	0.14285714285714285	0.5	0.5384615384615384	0.375	0.10526315789473684	0.0	0.0	0.0	0.0	0.5	0.24	0.0	1
1.0	0.3747368421052632	0.0075	0.5	0.23076923076923078	0.375	0.0029824561403508773	1.0	0.0	0.0	1.0	0.5	0.14	0.0	2
1.0	0.20932330827067672	0.49107142857142855	0.5	0.6153846153846154	0.375	0.20175438596491227	1.0	0.0	0.0	1.0	0.5	0.2435	0.0050	2
1.0	0.21052631578947367	0.02089285714285714	0.0	0.9230769230769231	0.375	0.008771929824561403	1.0	1.0	0.029850746268656716	0.0	0.5	0.13	0.0050	2
1.0	0.07894736842105263	0.0	0.0	0.0	0.0	0.0	0.0	1.0	0.05970149253731343	0.0	0.5	0.0225	1.0E-5	1
0.0	0.16917293233082706	0.03125	0.5	1.0	0.875	0.03649122807017544	1.0	0.0	0.0	1.0	0.5	0.08	0.0586	2
1.0	0.20932330827067672	0.07142857142857142	0.5	1.0	0.875	0.03508771929824561	1.0	1.0	0.05970149253731343	0.0	0.5	0.07	0.07544	2
1.0	0.12781954887218044	0.32142857142857145	0.5	0.38461538461538464	0.375	0.0029824561403508773	0.0	0.0	0.0	0.0	0.5	0.0	0.0	1
0.0	0.5425563909774436	0.48517857142857146	0.5	0.23076923076923078	0.875	0.2982456140350877	1.0	0.0	0.0	1.0	0.5	0.0	0.0	2
1.0	0.2793984962406015	0.08928571428571429	0.5	0.5384615384615384	0.375	0.043859649122807015	0.0	0.0	0.0	1.0	0.5	0.14	0.0	1
1.0	0.3684210526315789	0.36160714285714285	0.0	0.23076923076923078	0.375	0.0043859649122807015	0.0	0.0	0.0	0.0	0.5	0.08	0.0	1
1.0	0.5049624060150376	0.23214285714285715	0.5	0.5384615384615384	0.375	0.03508771929824561	0.0	0.0	0.0	1.0	0.5	0.0	0.00228	1
1.0	0.21172932330827066	0.14285714285714285	0.0	0.15384615384615385	0.875	0.20175438596491227	1.0	1.0	0.029850746268656716	1.0	0.5	0.0375	0.0	1
0.0	0.3308270676691729	0.03267857142857143	0.5	0.38461538461538464	0.375	0.02631578947368421	1.0	1.0	0.05970149253731343	0.0	0.5	0.0	0.01583	2
1.0	0.29819548872180446	0.008928571428571428	0.5	0.15384615384615385	0.5	0.14035087719298245	0.0	0.0	0.0	1.0	0.0	0.21	0.0	1
1.0	0.3057142857142857	0.002857142857142857	0.0	0.46153846153846156	0.5	0.0014035087719298247	1.0	1.0	0.014925373134328358	1.0	0.5	0.14	0.02	2
0.0	0.10526315789473684	0.3691071428571429	0.5	0.9230769230769231	0.875	0.011754385964912281	1.0	1.0	0.014925373134328358	1.0	0.5	0.04	5.0E-4	2
1.0	0.29203007518797	0.03571428571428571	0.5	1.0	0.375	0.02631578947368421	1.0	1.0	0.1044776119402985	1.0	0.5	0.17	0.04071	2
1.0	0.13533834586466165	0.39285714285714285	0.5	0.7692307692307693	0.375	0.08771929824561403	1.0	1.0	0.1044776119402985	1.0	0.5	0.05	0.00809	2
1.0	0.5263157894736842	0.30357142857142855	0.5	0.5384615384615384	0.875	0.43859649122807015	1.0	1.0	0.13432835820895522	0.0	0.5	0.0905	0.01655	2
1.0	0.40345864661654135	0.17857142857142858	0.5	0.5384615384615384	0.375	0.17543859649122806	1.0	1.0	0.1044776119402985	0.0	0.5	0.0	0.03065	2
1.0	0.10406015037593988	0.02982142857142857	0.0	0.5384615384615384	0.375	0.07017543859649122	0.0	0.0	0.0	1.0	0.0	0.12	0.0	1
0.0	0.37593984962406013	0.05357142857142857	0.5	0.0	0.0	0.0	0.0	0.0	0.0	0.0	0.5	0.038	0.0	1
0.0	0.651578947368421	0.6964285714285714	0.5	0.5384615384615384	0.375	0.19298245614035087	1.0	1.0	0.1044776119402985	0.0	0.5	0.0	0.03	2
0.0	0.2631578947368421	0.13392857142857142	0.5	0.9230769230769231	0.875	0.021929824561403508	1.0	1.0	0.13432835820895522	1.0	0.5	0.0905	0.0	2
1.0	0.12406015037593984	0.028214285714285716	0.5	0.6153846153846154	0.375	0.010175438596491228	0.0	1.0	0.014925373134328358	0.0	0.5	0.21	0.00283	1
0.0	0.6703759398496241	0.35714285714285715	0.5	0.7692307692307693	0.375	0.14035087719298245	1.0	1.0	0.208955223880597	0.0	0.5	0.0	0.01602	2
1.0	0.22812030075187972	0.013392857142857142	0.5	0.5384615384615384	0.375	0.010175438596491228	0.0	0.0	0.0	0.0	0.5	0.11	0.0014	1
0.0	0.4849624060150376	0.14285714285714285	0.5	0.3076923076923077	0.25	0.0	1.0	0.0	0.0	0.0	0.5	0.05	0.0096	2
1.0	0.10902255639097744	0.10714285714285714	0.0	0.07692307692307693	0.375	0.03807017543859649	1.0	1.0	0.11940298507462686	1.0	0.5	0.08	1.0E-5	2
0.0	0.16541353383458646	0.44642857142857145	0.5	0.38461538461538464	0.375	0.05263157894736842	1.0	1.0	0.1791044776119403	1.0	0.5	0.06	0.00567	2
0.0	0.1064661654135338	0.017857142857142856	0.0	0.6923076923076923	0.125	0.03508771929824561	0.0	0.0	0.0	0.0	0.5	0.13	0.0	1
1.0	0.16285714285714284	0.48214285714285715	0.0	0.0	0.0	0.0	0.0	0.0	0.0	0.0	0.5	0.092	0.0	1
0.0	0.19172932330827067	0.09678571428571428	0.0	0.5384615384615384	0.375	0.0029824561403508773	0.0	0.0	0.0	0.0	0.0	0.04	0.0	1
1.0	0.4085714285714286	0.02982142857142857	0.5	0.0	0.0	0.0	1.0	0.0	0.0	0.0	0.5	0.065	1.0E-5	1
0.0	0.3696240601503759	0.15767857142857142	0.5	0.5384615384615384	0.375	0.0043859649122807015	0.0	0.0	0.0	0.0	0.5	0.08	0.0	1
1.0	0.0876691729323308	0.02089285714285714	0.5	0.0	0.0	0.0	0.0	1.0	0.04477611940298507	0.0	0.5	0.175	0.00769	1
1.0	0.38345864661654133	0.3392857142857143	0.5	0.46153846153846156	0.375	0.22807017543859648	1.0	1.0	0.208955223880597	0.0	0.5	0.12	0.04607	2
1.0	0.18045112781954886	0.017857142857142856	0.5	0.5384615384615384	0.375	0.051228070175438595	1.0	1.0	0.07462686567164178	1.0	0.5	0.156	0.0	2
0.0	0.4861654135338346	0.10714285714285714	0.5	0.5384615384615384	0.375	0.08333333333333333	1.0	1.0	0.11940298507462686	1.0	0.5	0.198	0.04159	2
1.0	0.08902255639097748	0.35714285714285715	0.0	0.23076923076923078	0.875	0.029298245614035087	1.0	0.0	0.0	1.0	0.5	0.07	0.0	1
0.0	0.12781954887218044	0.044642857142857144	0.0	0.0	0.0	0.11403508771929824	0.0	0.0	0.0	0.0	0.5	0.14	0.0	1
1.0	0.076390977443609	0.12642857142857142	0.0	0.0	0.0	0.0	0.0	0.0	0.0	1.0	0.5	0.09	1.0E-5	1
1.0	0.7568421052631579	0.7142857142857143	0.5	1.0	0.875	0.6140350877192983	1.0	1.0	0.13432835820895522	1.0	0.5	0.0	0.01	2
0.0	0.041353383458646614	0.044642857142857144	0.5	0.7692307692307693	0.375	0.008771929824561403	0.0	1.0	0.014925373134328358	0.0	0.5	0.054	9.8E-4	1
0.0	0.8258646616541354	0.5357142857142857	0.5	0.6923076923076923	1.0	0.0	1.0	1.0	0.208955223880597	0.0	0.5	0.0	0.03376	2
1.0	0.9473684210526315	0.7960714285714285	0.5	0.6923076923076923	1.0	0.4473684210526316	1.0	1.0	0.014925373134328358	1.0	0.5	0.0	0.00109	2
0.0	0.03263157894736842	0.10267857142857142	0.5	0.7692307692307693	0.375	0.0029824561403508773	0.0	0.0	0.0	0.0	0.5	0.06	0.0	1
1.0	0.3169924812030075	0.14285714285714285	0.5	0.07692307692307693	0.5	0.43859649122807015	1.0	0.0	0.0	1.0	0.5	0.092	0.0	1
0.0	0.5063157894736843	0.2857142857142857	0.5	0.6923076923076923	0.5	0.22807017543859648	1.0	1.0	0.08955223880597014	0.0	0.5	0.1875	0.511	2
1.0	0.1416541353383459	0.0	0.5	0.5384615384615384	0.375	0.0	0.0	0.0	0.0	0.0	1.0	0.092	0.0	2
1.0	0.47248120300751884	0.05357142857142857	0.5	0.5384615384615384	0.375	0.08771929824561403	1.0	0.0	0.0	1.0	0.5	0.07	0.0	1
1.0	0.021353383458646614	0.25	0.5	0.6923076923076923	0.375	0.03508771929824561	0.0	0.0	0.0	0.0	0.5	0.3	0.0	1
1.0	0.076390977443609	0.01482142857142857	0.0	0.5384615384615384	0.375	0.005789473684210527	0.0	1.0	0.014925373134328358	0.0	0.5	0.1	1.0E-5	1
1.0	0.5827067669172933	0.23214285714285715	0.5	0.23076923076923078	0.375	0.22070175438596493	1.0	1.0	0.22388059701492538	0.0	0.5	0.0	0.11202	2
1.0	0.08150375939849627	0.0	0.0	0.46153846153846156	0.5	0.0	0.0	0.0	0.0	1.0	0.0	0.25	1.0E-5	2
1.0	0.06390977443609022	0.005892857142857143	0.5	0.7692307692307693	0.75	0.007368421052631579	0.0	0.0	0.0	0.0	0.5	0.1	4.0E-4	2
1.0	0.35714285714285715	0.02982142857142857	0.5	0.6923076923076923	0.375	0.0014035087719298247	0.0	0.0	0.0	0.0	0.5	0.06	5.0E-5	1
1.0	0.1341353383458647	0.056607142857142856	0.0	0.6153846153846154	0.375	0.10824561403508771	1.0	1.0	0.08955223880597014	0.0	0.5	0.04	0.0	2
1.0	0.5124812030075188	0.14875	0.5	1.0	0.5	0.0029824561403508773	0.0	0.0	0.0	1.0	0.5	0.26	0.0	1
1.0	0.3057142857142857	0.08928571428571429	0.5	0.5384615384615384	0.375	0.03508771929824561	0.0	0.0	0.0	0.0	0.5	0.23	1.6E-4	1
0.0	0.29067669172932326	0.05803571428571429	0.5	0.07692307692307693	0.375	0.018947368421052633	0.0	0.0	0.0	1.0	0.5	0.0	0.0	1
1.0	0.44105263157894736	0.013392857142857142	0.0	0.5384615384615384	0.375	0.013157894736842105	1.0	1.0	0.11940298507462686	1.0	0.5	0.15	0.00162	2
1.0	0.31203007518796994	0.1442857142857143	0.0	0.15384615384615385	0.5	0.2982456140350877	1.0	1.0	0.1044776119402985	1.0	0.5	0.0975	0.0	2
1.0	0.43609022556390975	0.10714285714285714	0.5	0.15384615384615385	0.5	0.03508771929824561	1.0	0.0	0.0	0.0	0.5	0.0	0.0020	1
1.0	0.06766917293233082	0.005892857142857143	0.5	0.07692307692307693	0.375	0.008771929824561403	0.0	0.0	0.0	1.0	0.0	0.14	0.0	1
1.0	0.14030075187969923	0.08928571428571429	0.5	0.0	0.0	0.0029824561403508773	0.0	0.0	0.0	1.0	0.5	0.05	0.04208	1
0.0	0.13157894736842105	0.30214285714285716	0.0	1.0	0.375	0.0863157894736842	0.0	0.0	0.0	0.0	0.5	0.082	0.0	2
1.0	0.06270676691729325	0.007321428571428571	0.5	0.38461538461538464	0.375	0.0014035087719298247	0.0	0.0	0.0	0.0	0.5	0.14	0.0075	1
1.0	0.07022556390977445	0.3719642857142857	0.0	0.38461538461538464	0.375	0.0043859649122807015	1.0	0.0	0.0	0.0	0.5	0.06	0.00375	1
0.0	0.20932330827067672	0.05357142857142857	0.5	0.46153846153846156	0.375	0.07017543859649122	1.0	0.0	0.0	0.0	0.0	0.184	0.0	1
0.0	0.07774436090225567	0.33035714285714285	0.0	0.5384615384615384	0.375	0.03508771929824561	1.0	1.0	0.05970149253731343	1.0	0.5	0.04	0.0050	2
1.0	0.1341353383458647	0.026785714285714284	0.5	0.15384615384615385	0.375	0.055614035087719296	0.0	1.0	0.014925373134328358	1.0	0.5	0.2	9.0E-5	1
1.0	0.7330827067669173	0.45535714285714285	0.0	0.5384615384615384	0.875	0.17543859649122806	1.0	0.0	0.0	0.0	0.5	0.056	0.0	1
0.0	0.14661654135338345	0.32142857142857145	0.5	0.7692307692307693	0.375	0.2982456140350877	1.0	1.0	0.07462686567164178	1.0	0.5	0.06	0.0	2
1.0	0.3233082706766917	0.11303571428571428	0.5	1.0	0.875	0.13157894736842105	1.0	0.0	0.0	1.0	0.5	0.34	0.0	1
0.0	0.6478195488721804	0.15178571428571427	0.0	0.0	0.0	0.17543859649122806	0.0	0.0	0.0	1.0	0.5	0.0	4.0E-5	1
0.0	0.595187969924812	0.005892857142857143	0.5	0.0	0.0	0.0	0.0	0.0	0.0	1.0	0.0	0.031	2.7E-4	1
1.0	0.4123308270676692	0.1442857142857143	0.5	0.9230769230769231	0.875	0.24561403508771928	1.0	1.0	0.11940298507462686	0.0	0.5	0.16	0.0	2
1.0	0.4273684210526316	0.18	0.5	0.7692307692307693	0.875	0.4473684210526316	1.0	0.0	0.0	1.0	0.5	0.046	0.0	2
1.0	0.4123308270676692	0.044642857142857144	0.0	0.6153846153846154	0.375	0.008771929824561403	0.0	0.0	0.0	0.0	0.5	0.0	0.00195	1
0.0	0.3007518796992481	0.026785714285714284	0.5	0.23076923076923078	0.5	0.03508771929824561	1.0	1.0	0.04477611940298507	1.0	0.5	0.106	0.0	1
1.0	0.1792481203007519	0.44642857142857145	0.5	0.9230769230769231	0.375	0.04245614035087719	1.0	1.0	1.0	1.0	0.5	0.07	0.00258	2
1.0	0.15909774436090224	0.23660714285714285	0.0	0.07692307692307693	0.375	0.19298245614035087	1.0	0.0	0.0	1.0	0.0	0.05	0.0	2
1.0	0.14406015037593983	0.41517857142857145	0.0	0.6153846153846154	0.375	0.029298245614035087	1.0	0.0	0.0	1.0	0.5	0.08	0.0030	2
1.0	0.25443609022556396	0.08928571428571429	0.5	0.9230769230769231	0.875	0.07894736842105263	0.0	0.0	0.0	1.0	0.0	0.17	0.0	1
1.0	0.3521804511278196	0.14285714285714285	0.5	0.5384615384615384	0.5	0.17543859649122806	1.0	0.0	0.0	1.0	0.0	0.14	0.0	1
1.0	0.18796992481203006	0.055	0.5	0.6153846153846154	0.375	0.0043859649122807015	0.0	0.0	0.0	0.0	0.5	0.05	0.0	1
0.0	0.24060150375939848	0.02375	0.5	0.6153846153846154	0.375	0.008771929824561403	0.0	0.0	0.0	1.0	0.5	0.15	0.0	1
0.0	0.13909774436090225	0.06553571428571428	0.5	0.3076923076923077	0.25	0.0	0.0	1.0	0.014925373134328358	0.0	0.5	0.1	5.3E-4	1
1.0	0.05263157894736842	0.10714285714285714	0.5	0.23076923076923078	0.375	0.0014035087719298247	0.0	0.0	0.0	1.0	0.5	0.08	4.0E-4	1
1.0	0.23308270676691728	0.5282142857142856	0.5	0.38461538461538464	0.375	0.17684210526315788	1.0	1.0	0.07462686567164178	1.0	0.5	0.084	0.0	2
0.0	0.22300751879699246	0.12642857142857142	0.5	0.15384615384615385	0.5	0.017543859649122806	1.0	0.0	0.0	1.0	0.5	0.0855	0.0	1
1.0	0.3132330827067669	0.0	0.5	0.5384615384615384	0.375	0.0	0.0	0.0	0.0	0.0	1.0	0.092	0.0	1
1.0	0.1454135338345865	0.02089285714285714	0.5	0.5384615384615384	0.875	0.0029824561403508773	1.0	0.0	0.0	0.0	0.5	0.09	0.0	1
1.0	0.16917293233082706	0.4017857142857143	0.5	0.5384615384615384	0.375	0.08771929824561403	1.0	1.0	0.2537313432835821	0.0	0.5	0.1	0.01208	2
0.0	0.07518796992481203	0.26785714285714285	0.5	0.7692307692307693	0.375	0.09508771929824561	1.0	1.0	0.07462686567164178	0.0	0.5	0.092	0.26726	2
1.0	0.050075187969924786	0.008928571428571428	0.5	0.7692307692307693	0.375	0.011754385964912281	0.0	1.0	0.05970149253731343	0.0	0.5	0.08	8.0E-5	1
0.0	0.03503759398496238	0.011964285714285715	0.5	0.0	0.0	0.0	0.0	1.0	0.014925373134328358	0.0	0.5	0.08	0.00126	1
1.0	0.28827067669172934	0.08928571428571429	0.5	0.38461538461538464	0.375	0.06140350877192982	0.0	1.0	0.029850746268656716	1.0	0.5	0.36	0.0	1
0.0	0.0989473684210526	0.35714285714285715	0.5	0.5384615384615384	0.875	0.03508771929824561	1.0	1.0	0.05970149253731343	0.0	0.5	0.025	0.01465	2
0.0	0.12030075187969924	0.0625	0.0	0.3076923076923077	0.25	0.0	0.0	0.0	0.0	0.0	0.5	0.08	0.0	1
1.0	0.29203007518797	0.037142857142857144	0.5	0.8461538461538461	0.875	0.22807017543859648	1.0	0.0	0.0	1.0	0.5	0.082	0.31285	2
0.0	0.17413533834586464	0.07446428571428572	0.5	0.5384615384615384	0.875	0.09649122807017543	1.0	0.0	0.0	1.0	0.5	0.18	1.0E-5	1
0.0	0.16541353383458646	0.10714285714285714	0.5	0.7692307692307693	0.875	0.0643859649122807	1.0	1.0	0.2835820895522388	0.0	0.5	0.0	0.0050	2
1.0	0.25684210526315787	0.0	0.5	0.6153846153846154	0.375	0.043859649122807015	1.0	1.0	0.014925373134328358	0.0	0.5	0.101	0.0	2
1.0	0.10526315789473684	0.18160714285714286	0.0	0.3076923076923077	0.375	0.010175438596491228	0.0	0.0	0.0	0.0	0.5	0.07	0.00184	1
0.0	0.3996992481203007	0.29017857142857145	0.0	0.23076923076923078	0.375	0.005789473684210527	0.0	1.0	0.029850746268656716	0.0	0.5	0.092	1.8E-4	1
1.0	0.23563909774436093	0.044642857142857144	0.5	0.5384615384615384	0.875	0.008771929824561403	0.0	1.0	0.029850746268656716	1.0	0.5	0.2	0.00108	1
1.0	0.4085714285714286	0.017857142857142856	0.0	0.46153846153846156	0.375	0.017543859649122806	0.0	0.0	0.0	1.0	0.5	0.065	0.0	1
0.0	0.23684210526315788	0.016428571428571428	0.5	0.23076923076923078	0.375	0.018947368421052633	1.0	1.0	0.05970149253731343	0.0	0.5	0.19	0.0050	2
1.0	0.6115789473684211	0.017857142857142856	0.0	0.23076923076923078	0.875	0.13894736842105262	1.0	0.0	0.0	0.0	0.5	0.09	0.00314	2
1.0	0.30451127819548873	0.19642857142857142	0.0	0.5384615384615384	0.375	0.05263157894736842	0.0	0.0	0.0	1.0	0.5	0.03	0.0	1
1.0	0.16917293233082706	0.42857142857142855	0.5	0.23076923076923078	0.375	0.07894736842105263	1.0	1.0	0.029850746268656716	1.0	0.5	0.06	5.0E-5	1
0.0	0.19293233082706765	0.09071428571428572	0.0	0.0	0.0	0.0	0.0	0.0	0.0	1.0	0.5	0.09	6.0E-4	1
0.0	0.29067669172932326	0.16517857142857142	0.5	0.7692307692307693	0.875	0.05701754385964912	1.0	1.0	0.029850746268656716	0.0	0.5	0.0	0.0	2
1.0	0.2995488721804512	0.07732142857142857	0.5	0.5384615384615384	0.375	0.05263157894736842	0.0	0.0	0.0	0.0	1.0	0.06	0.0	1
1.0	0.3371428571428572	0.19642857142857142	0.5	0.15384615384615385	0.5	0.17543859649122806	0.0	0.0	0.0	0.0	0.5	0.105	0.00687	1
1.0	0.08646616541353383	0.010357142857142856	0.5	0.23076923076923078	0.375	0.010175438596491228	0.0	0.0	0.0	0.0	0.5	0.14	0.00364	1
1.0	0.1566917293233083	0.03125	0.5	0.7692307692307693	0.375	0.16228070175438597	1.0	1.0	0.029850746268656716	1.0	0.5	0.26	0.02	2
0.0	0.2518796992481203	0.23214285714285715	0.5	0.5384615384615384	0.5	0.14035087719298245	1.0	1.0	0.1044776119402985	1.0	0.5	0.0	0.03065	2
1.0	0.09398496240601503	0.25	0.5	0.5384615384615384	0.375	0.017543859649122806	0.0	0.0	0.0	0.0	0.5	0.0	0.0	1
1.0	0.17413533834586464	0.020714285714285713	0.5	0.5384615384615384	0.375	0.010175438596491228	1.0	1.0	0.1044776119402985	1.0	0.5	0.048	0.05124	2
1.0	0.23804511278195487	0.16964285714285715	0.5	0.46153846153846156	0.375	0.07017543859649122	0.0	1.0	0.014925373134328358	1.0	0.5	0.23	6.8E-4	1
1.0	0.442406015037594	0.08035714285714286	0.5	0.15384615384615385	0.5	0.02631578947368421	1.0	0.0	0.0	0.0	0.5	0.28	0.0	1
1.0	0.22556390977443608	0.041607142857142856	0.5	0.23076923076923078	0.375	0.017543859649122806	1.0	0.0	0.0	0.0	0.0	0.14	0.0	1
1.0	0.2679699248120301	0.10714285714285714	0.0	0.15384615384615385	0.5	0.24561403508771928	0.0	0.0	0.0	0.0	0.5	0.0	1.0E-5	1
1.0	0.09774436090225563	0.35571428571428576	0.5	0.6923076923076923	0.125	0.0	1.0	0.0	0.0	0.0	0.5	0.0	0.0	2
1.0	0.4699248120300752	0.30357142857142855	0.5	0.9230769230769231	0.875	0.49122807017543857	1.0	1.0	0.014925373134328358	1.0	0.5	0.044	0.02	2
0.0	0.13654135338345863	0.08178571428571428	0.5	0.7692307692307693	0.875	0.08035087719298245	1.0	1.0	0.1044776119402985	1.0	0.5	0.07	0.02384	2
0.0	0.10406015037593988	0.10714285714285714	0.5	0.7692307692307693	0.375	0.005789473684210527	1.0	1.0	0.04477611940298507	0.0	0.5	0.05	6.0E-5	2
1.0	0.21172932330827066	0.05357142857142857	0.5	0.6153846153846154	0.375	0.07894736842105263	0.0	1.0	0.014925373134328358	1.0	0.5	0.05	3.0E-5	1
1.0	0.4085714285714286	0.08035714285714286	0.0	1.0	0.875	0.3508771929824561	1.0	0.0	0.0	1.0	0.5	0.088	0.0	1
1.0	0.6416541353383459	1.0	0.0	0.5384615384615384	0.375	1.0	1.0	1.0	0.5970149253731343	0.0	0.5	0.0	1.5E-4	2
0.0	0.7568421052631579	0.005892857142857143	0.5	0.0	0.0	0.0	1.0	1.0	0.014925373134328358	0.0	0.5	0.116	0.0010	2
0.0	0.1303759398496241	0.4017857142857143	0.0	1.0	0.875	0.02631578947368421	1.0	1.0	0.05970149253731343	0.0	0.5	0.0	0.00321	2
0.0	0.15909774436090224	0.08928571428571429	0.0	0.15384615384615385	0.5	0.15789473684210525	0.0	0.0	0.0	0.0	0.5	0.1	0.00456	1
0.0	0.8383458646616542	0.21428571428571427	0.5	0.0	0.0	0.0	0.0	0.0	0.0	0.0	0.0	0.0	0.0	1
1.0	0.3282706766917293	0.026785714285714284	0.5	0.23076923076923078	0.375	0.05263157894736842	0.0	0.0	0.0	1.0	0.5	0.1155	0.0	1
1.0	0.52	0.42857142857142855	0.5	0.46153846153846156	0.375	0.5614035087719298	1.0	0.0	0.0	0.0	0.0	0.055	0.0	2
0.0	0.21548872180451126	0.5357142857142857	0.0	0.6923076923076923	1.0	0.0	1.0	0.0	0.0	0.0	0.5	0.0	0.13212	2
1.0	0.3221052631578948	0.08928571428571429	0.5	0.23076923076923078	0.375	0.15789473684210525	1.0	1.0	0.1044776119402985	0.0	0.5	0.075	0.0127	2
1.0	0.5375939849624061	0.27089285714285716	0.5	0.15384615384615385	0.5	0.26614035087719295	1.0	1.0	0.22388059701492538	1.0	0.5	0.0	0.05	2
1.0	1.0	0.19642857142857142	0.5	0.5384615384615384	0.375	0.018947368421052633	1.0	0.0	0.0	0.0	0.5	0.0	0.0034	1
1.0	0.23308270676691728	0.4642857142857143	0.5	0.07692307692307693	0.875	0.017543859649122806	0.0	0.0	0.0	0.0	0.5	0.114	0.0	1
0.0	0.047669172932330854	0.017857142857142856	0.5	0.15384615384615385	0.375	0.005789473684210527	0.0	1.0	0.08955223880597014	1.0	0.5	0.12	3.5E-4	1
0.0	0.03383458646616541	0.005892857142857143	0.5	0.38461538461538464	0.375	0.03508771929824561	0.0	1.0	0.029850746268656716	1.0	0.5	0.16	1.0E-5	1
1.0	0.6966917293233083	0.5178571428571429	0.5	0.0	0.0	0.631578947368421	1.0	1.0	0.22388059701492538	1.0	0.5	0.0	0.01	2
1.0	0.21428571428571427	0.07142857142857142	0.5	0.23076923076923078	0.875	0.146140350877193	1.0	1.0	0.029850746268656716	1.0	0.5	0.0905	0.0	2
1.0	0.41729323308270677	0.055	0.5	0.15384615384615385	0.5	0.12280701754385964	0.0	0.0	0.0	0.0	0.5	0.108	0.0	2
1.0	0.15533834586466164	0.32142857142857145	0.5	0.38461538461538464	0.375	0.008771929824561403	0.0	0.0	0.0	1.0	0.5	0.0	0.0	1
1.0	0.16165413533834586	0.47625	0.0	0.38461538461538464	0.375	0.0014035087719298247	0.0	0.0	0.0	1.0	0.5	0.06	0.00475	1
1.0	0.3157894736842105	0.5357142857142857	0.5	0.8461538461538461	0.75	0.18859649122807018	1.0	1.0	0.13432835820895522	1.0	0.5	0.0	0.00134	2
1.0	0.2995488721804512	0.044642857142857144	0.5	0.6153846153846154	0.375	0.040877192982456144	0.0	0.0	0.0	0.0	0.5	0.06	0.0	1
0.0	0.4072180451127819	0.35714285714285715	0.5	0.7692307692307693	0.875	0.06140350877192982	1.0	0.0	0.0	0.0	0.5	0.0145	0.00837	2
1.0	0.10030075187969928	0.06553571428571428	0.5	0.5384615384615384	0.375	0.07894736842105263	1.0	1.0	0.014925373134328358	0.0	0.5	0.05	0.0015	2
1.0	0.35714285714285715	0.04017857142857143	0.0	0.07692307692307693	0.375	0.05263157894736842	0.0	0.0	0.0	1.0	0.5	0.2155	0.0	2
1.0	0.5225563909774437	0.15178571428571427	0.5	0.46153846153846156	0.375	0.0043859649122807015	1.0	0.0	0.0	1.0	0.5	0.1125	0.0	2
1.0	0.13909774436090225	0.026785714285714284	0.5	0.46153846153846156	0.375	0.017543859649122806	0.0	0.0	0.0	1.0	0.0	0.16	0.0	1
1.0	0.31954887218045114	0.12053571428571429	0.5	0.5384615384615384	0.875	0.2908771929824561	0.0	0.0	0.0	1.0	0.5	0.0	0.0	1
1.0	0.03879699248120298	0.09821428571428571	0.5	0.38461538461538464	0.375	0.023333333333333334	0.0	1.0	0.014925373134328358	0.0	0.5	0.04	2.1E-4	1
1.0	0.1341353383458647	0.375	0.5	0.7692307692307693	0.875	0.04684210526315789	1.0	0.0	0.0	0.0	0.5	0.05	0.0	2
0.0	0.12030075187969924	0.41964285714285715	0.5	0.5384615384615384	0.375	0.008771929824561403	0.0	0.0	0.0	1.0	0.5	0.09	0.0	1
0.0	0.17037593984962404	0.09071428571428572	0.0	0.38461538461538464	0.375	0.008771929824561403	1.0	0.0	0.0	1.0	0.5	0.185	0.0	2
1.0	0.3395488721804511	0.07589285714285714	0.0	0.6153846153846154	0.375	0.0029824561403508773	1.0	1.0	0.014925373134328358	0.0	0.5	0.025	0.01187	2
0.0	0.22300751879699246	0.13392857142857142	0.5	0.5384615384615384	0.375	0.008771929824561403	0.0	1.0	0.014925373134328358	1.0	0.5	0.02	0.00154	1
1.0	0.1266165413533835	0.4330357142857143	0.5	0.5384615384615384	0.375	0.11701754385964912	0.0	1.0	0.029850746268656716	1.0	0.5	0.09	0.00173	1
1.0	0.3070676691729324	0.055	0.5	0.9230769230769231	0.375	0.05403508771929825	1.0	1.0	0.014925373134328358	1.0	0.5	0.26	0.5	2
1.0	0.31954887218045114	0.08928571428571429	0.5	0.15384615384615385	0.375	0.03508771929824561	0.0	0.0	0.0	1.0	0.5	0.105	0.0	1
1.0	0.22300751879699246	0.12946428571428573	0.5	0.38461538461538464	0.375	0.008771929824561403	0.0	0.0	0.0	1.0	0.5	0.05	0.0	1
0.0	0.08150375939849627	0.19339285714285714	0.5	0.15384615384615385	0.875	0.010175438596491228	0.0	0.0	0.0	0.0	0.5	0.04	0.00484	1
1.0	0.14285714285714285	0.03571428571428571	0.5	0.5384615384615384	0.375	0.029298245614035087	1.0	0.0	0.0	0.0	0.0	0.15	0.0	2
1.0	0.041353383458646614	0.004464285714285714	0.5	0.5384615384615384	0.375	0.005789473684210527	0.0	0.0	0.0	0.0	0.5	0.066	0.0	1
0.0	0.095187969924812	0.004464285714285714	0.5	0.7692307692307693	0.375	0.03508771929824561	0.0	1.0	0.014925373134328358	0.0	0.5	0.12	0.00768	2
1.0	0.12902255639097743	0.39285714285714285	0.5	0.6153846153846154	0.375	0.07017543859649122	1.0	1.0	0.014925373134328358	0.0	0.5	0.04	0.00278	2
1.0	0.30451127819548873	0.18160714285714286	0.0	0.15384615384615385	0.5	0.03807017543859649	0.0	0.0	0.0	1.0	0.5	0.24	0.0	1
0.0	0.651578947368421	0.011964285714285715	0.5	0.15384615384615385	0.5	0.03508771929824561	1.0	0.0	0.0	1.0	0.5	0.126	0.02197	1
1.0	0.03759398496240601	0.02982142857142857	0.5	0.46153846153846156	0.375	0.0029824561403508773	1.0	0.0	0.0	0.0	0.0	0.1	0.0	1
1.0	0.2869172932330827	0.08928571428571429	0.5	0.9230769230769231	0.875	0.09649122807017543	1.0	1.0	0.08955223880597014	0.0	0.5	0.08	0.02072	2
1.0	0.518796992481203	0.8958928571428572	0.5	0.6153846153846154	0.375	0.06140350877192982	1.0	1.0	0.04477611940298507	0.0	0.5	0.06	1.4E-4	2
1.0	0.3070676691729324	0.09821428571428571	0.5	0.15384615384615385	0.5	0.08771929824561403	0.0	0.0	0.0	1.0	0.5	0.116	0.0020	1
1.0	0.06887218045112779	0.04321428571428571	0.0	0.6923076923076923	0.125	0.0	0.0	0.0	0.0	0.0	0.5	0.05	0.0	1
1.0	0.45864661654135336	0.017857142857142856	0.5	0.46153846153846156	0.375	0.37719298245614036	1.0	0.0	0.0	0.0	0.0	0.2	0.0	1
1.0	0.3784962406015038	0.0625	0.5	0.23076923076923078	0.375	0.017543859649122806	0.0	0.0	0.0	1.0	0.5	0.15	2.0E-5	1
1.0	0.26812030075187965	0.026785714285714284	0.0	0.38461538461538464	0.375	0.12280701754385964	0.0	0.0	0.0	1.0	0.5	0.16	0.0	1
1.0	0.17037593984962404	0.06107142857142857	0.5	1.0	0.375	0.05842105263157895	1.0	1.0	0.014925373134328358	1.0	0.5	0.1975	2.0E-4	2
1.0	0.7769924812030076	0.39285714285714285	0.5	0.6923076923076923	1.0	0.7017543859649122	1.0	1.0	0.1044776119402985	1.0	0.5	0.011	0.0	2
1.0	0.4147368421052631	0.0	0.5	0.5384615384615384	0.5	0.5263157894736842	1.0	0.0	0.0	0.0	0.5	0.0	0.0	2
1.0	0.2631578947368421	0.04017857142857143	0.5	0.0	0.0	0.0	0.0	1.0	0.014925373134328358	0.0	0.5	0.048	1.9E-4	1
0.0	0.3458646616541353	0.1682142857142857	0.5	0.0	0.0	0.0	0.0	0.0	0.0	0.0	0.5	0.08	0.0	1
1.0	0.2793984962406015	0.26785714285714285	0.5	0.6923076923076923	0.5	0.055614035087719296	1.0	0.0	0.0	1.0	0.0	0.21	0.0	1
0.0	0.27323308270676694	0.11160714285714286	0.5	0.0	0.0	0.10666666666666667	0.0	1.0	0.029850746268656716	1.0	0.5	0.1	4.0E-5	1
1.0	0.16661654135338344	0.09821428571428571	0.5	0.5384615384615384	0.375	0.07894736842105263	1.0	1.0	0.08955223880597014	0.0	0.5	0.092	0.0060	2
1.0	0.12285714285714289	0.019285714285714288	0.0	1.0	0.375	0.0014035087719298247	1.0	1.0	0.014925373134328358	1.0	0.5	0.42	5.9E-4	2
1.0	0.3082706766917293	0.10714285714285714	0.5	0.9230769230769231	0.875	0.2601754385964912	1.0	0.0	0.0	1.0	0.5	0.0	0.0	2
1.0	0.5726315789473684	0.10714285714285714	0.0	0.0	0.0	0.05263157894736842	0.0	0.0	0.0	0.0	0.5	0.09	4.0E-5	1
0.0	0.2679699248120301	0.05357142857142857	0.5	0.0	0.0	0.0	0.0	1.0	0.029850746268656716	1.0	0.5	0.1	0.00105	1
1.0	0.3709774436090226	0.02517857142857143	0.5	0.5384615384615384	0.375	0.013157894736842105	0.0	1.0	0.029850746268656716	0.0	0.5	0.1125	0.0050	1
1.0	0.3822556390977444	0.06107142857142857	0.5	1.0	0.375	0.0043859649122807015	1.0	1.0	0.07462686567164178	1.0	0.5	0.24	0.0	2
1.0	0.06646616541353385	0.08785714285714286	0.5	0.5384615384615384	0.75	0.03368421052631579	0.0	1.0	0.029850746268656716	1.0	0.5	0.08	0.00587	1
1.0	0.37969924812030076	0.17857142857142858	0.5	0.9230769230769231	0.375	0.12280701754385964	1.0	1.0	0.14925373134328357	1.0	0.5	0.0	0.0	2
1.0	0.09398496240601503	0.3944642857142857	0.5	0.5384615384615384	0.375	0.07017543859649122	0.0	0.0	0.0	1.0	0.5	0.068	0.0	1
1.0	0.2857142857142857	0.08339285714285714	0.5	0.07692307692307693	0.875	0.20175438596491227	0.0	0.0	0.0	1.0	0.5	0.146	0.0	1
1.0	0.0726315789473684	0.20392857142857143	0.5	0.07692307692307693	0.375	0.018947368421052633	0.0	0.0	0.0	0.0	0.5	0.06	0.0	1
0.0	0.03127819548872181	0.27232142857142855	0.5	0.7692307692307693	0.375	0.0043859649122807015	0.0	1.0	0.014925373134328358	1.0	0.5	0.0	0.0016	1
1.0	0.3846616541353383	0.20982142857142858	0.5	0.9230769230769231	0.875	0.3508771929824561	1.0	1.0	0.208955223880597	1.0	0.5	0.1995	0.0	2
0.0	0.0876691729323308	0.02375	0.5	0.6153846153846154	0.375	0.05842105263157895	0.0	0.0	0.0	0.0	0.5	0.11	5.0E-5	1
1.0	0.11398496240601501	0.375	0.5	0.5384615384615384	0.375	0.10526315789473684	1.0	0.0	0.0	1.0	0.5	0.0	0.0	2
0.0	0.1341353383458647	0.026785714285714284	0.5	0.5384615384615384	0.375	0.07017543859649122	0.0	1.0	0.029850746268656716	1.0	0.5	0.1	0.00394	1
1.0	0.1792481203007519	0.11607142857142858	0.5	0.5384615384615384	0.875	0.08035087719298245	0.0	1.0	0.014925373134328358	1.0	0.5	0.208	2.1E-4	1
1.0	0.11022556390977441	0.36017857142857146	0.0	0.6923076923076923	0.875	0.043859649122807015	0.0	0.0	0.0	0.0	0.5	0.13	0.0	1
0.0	0.5300751879699248	0.05357142857142857	0.5	0.3076923076923077	0.25	0.0	1.0	0.0	0.0	1.0	0.5	0.05	2.7E-4	1
1.0	0.10406015037593988	0.18892857142857142	0.5	0.7692307692307693	0.375	0.013157894736842105	1.0	1.0	0.014925373134328358	0.0	0.5	0.08	0.0	1
0.0	0.08902255639097748	0.0075	0.5	0.7692307692307693	0.875	0.010175438596491228	1.0	1.0	0.16417910447761194	0.0	0.5	0.04	9.9E-4	2
1.0	0.12150375939849621	0.008928571428571428	0.5	0.07692307692307693	0.875	0.023333333333333334	1.0	0.0	0.0	1.0	0.5	0.0	0.0	2
1.0	0.19669172932330825	0.019285714285714288	0.5	0.23076923076923078	0.0	0.0	0.0	0.0	0.0	0.0	0.5	0.05	0.0	1
0.0	0.37338345864661654	0.17857142857142858	0.5	0.9230769230769231	0.375	0.47368421052631576	1.0	0.0	0.0	1.0	0.5	0.49	0.0	1
0.0	0.5463157894736842	0.44785714285714284	0.5	0.38461538461538464	0.375	0.08035087719298245	1.0	1.0	0.04477611940298507	1.0	0.5	0.078	0.0	2
0.0	0.03007518796992481	0.013392857142857142	0.5	0.5384615384615384	0.375	0.03508771929824561	0.0	0.0	0.0	0.0	0.5	0.06	1.8E-4	1
0.0	0.16165413533834586	0.45535714285714285	0.5	0.5384615384615384	0.5	0.16666666666666666	1.0	1.0	0.029850746268656716	0.0	0.5	0.0365	0.00444	2
1.0	0.10902255639097744	0.17107142857142857	0.0	0.6153846153846154	0.375	0.07894736842105263	1.0	1.0	0.014925373134328358	1.0	0.5	0.04	0.0030	2
1.0	0.12526315789473683	0.39285714285714285	0.5	0.9230769230769231	0.375	0.023333333333333334	1.0	0.0	0.0	0.0	0.5	0.05	0.0	2
1.0	0.613984962406015	0.33625	0.5	0.0	0.0	0.5057894736842105	1.0	1.0	0.16417910447761194	1.0	0.5	0.015	0.0030	2
1.0	0.06511278195488719	0.19642857142857142	0.5	0.23076923076923078	0.375	0.017543859649122806	1.0	0.0	0.0	0.0	0.5	0.04	0.0	2
1.0	0.3446616541353384	0.15767857142857142	0.0	0.23076923076923078	0.375	0.008771929824561403	1.0	1.0	0.14925373134328357	1.0	0.5	0.16	0.0	2
1.0	0.367218045112782	0.36160714285714285	0.5	1.0	0.375	0.08771929824561403	1.0	1.0	0.08955223880597014	0.0	0.5	0.26	0.00196	2
1.0	0.12150375939849621	0.055	0.5	0.23076923076923078	0.375	0.0029824561403508773	0.0	0.0	0.0	1.0	0.5	0.178	0.0	1
0.0	0.573984962406015	0.23214285714285715	0.5	0.15384615384615385	0.5	0.10824561403508771	0.0	0.0	0.0	1.0	0.5	0.0365	0.0	1
1.0	0.1266165413533835	0.08035714285714286	0.5	0.15384615384615385	0.375	0.0043859649122807015	0.0	0.0	0.0	0.0	0.5	0.08	1.0E-4	1
1.0	0.5815037593984963	0.05357142857142857	0.5	0.07692307692307693	0.375	0.13157894736842105	0.0	0.0	0.0	1.0	0.5	0.0	0.0035	1
0.0	0.7093233082706767	0.17857142857142858	0.5	0.38461538461538464	0.375	0.14035087719298245	1.0	1.0	0.05970149253731343	0.0	0.5	0.0	9.9E-4	2
1.0	0.09654135338345868	0.20089285714285715	0.5	0.6153846153846154	0.375	0.06	1.0	0.0	0.0	0.0	0.0	0.06	0.0	2
1.0	0.14285714285714285	0.14285714285714285	0.5	0.5384615384615384	0.5	0.008771929824561403	1.0	0.0	0.0	1.0	0.5	0.08	0.0	2
1.0	0.3371428571428572	0.015	0.0	0.6153846153846154	0.375	0.010175438596491228	0.0	0.0	0.0	1.0	0.5	0.1545	2.0E-5	1
0.0	0.42857142857142855	0.0625	0.0	0.5384615384615384	0.375	0.0	0.0	0.0	0.0	1.0	0.5	0.075	1.0E-5	1
1.0	0.14781954887218043	0.02982142857142857	0.5	0.15384615384615385	0.875	0.0029824561403508773	0.0	0.0	0.0	1.0	0.5	0.11	5.0E-5	1
0.0	0.33458646616541354	0.03571428571428571	0.5	0.5384615384615384	0.375	0.07017543859649122	1.0	1.0	0.16417910447761194	0.0	0.5	0.0	0.00456	2
1.0	0.38842105263157894	0.17857142857142858	0.5	0.0	0.0	0.0	0.0	1.0	0.029850746268656716	0.0	0.5	0.0085	1.0E-5	1
0.0	0.076390977443609	0.15767857142857142	0.0	0.5384615384615384	0.875	0.10526315789473684	1.0	0.0	0.0	0.0	0.5	0.12	0.0	2
1.0	0.20300751879699247	0.022321428571428572	0.5	0.38461538461538464	0.375	0.015964912280701755	1.0	0.0	0.0	1.0	0.5	0.1	0.0	1
1.0	0.28075187969924814	0.10714285714285714	0.5	0.07692307692307693	0.375	0.005789473684210527	0.0	0.0	0.0	1.0	0.5	0.06	0.0	1
1.0	0.08526315789473687	0.05357142857142857	0.0	0.9230769230769231	0.375	0.07017543859649122	1.0	0.0	0.0	1.0	0.5	0.05	2.0E-4	1
0.0	0.13278195488721803	0.38392857142857145	0.5	0.7692307692307693	0.375	0.01456140350877193	1.0	1.0	0.07462686567164178	1.0	0.5	0.0	0.0056	2
1.0	0.3935338345864662	0.22178571428571428	0.5	0.7692307692307693	0.375	0.0014035087719298247	1.0	1.0	0.014925373134328358	0.0	0.5	0.1	0.0030	2
1.0	0.1341353383458647	0.005892857142857143	0.5	0.5384615384615384	0.25	0.07894736842105263	0.0	0.0	0.0	1.0	0.0	0.0	0.0	2
0.0	0.1454135338345865	0.028214285714285716	0.0	0.7692307692307693	0.375	0.05263157894736842	1.0	1.0	0.029850746268656716	1.0	0.5	0.04	0.0040	2
0.0	0.24436090225563908	0.18892857142857142	0.5	0.6923076923076923	0.125	0.07894736842105263	1.0	1.0	0.07462686567164178	1.0	0.5	0.0495	0.0050	2
0.0	0.3996992481203007	0.2692857142857143	0.0	0.7692307692307693	0.875	0.2807017543859649	1.0	1.0	0.208955223880597	0.0	0.5	0.0	0.023	2
0.0	0.3458646616541353	0.18303571428571427	0.5	0.6923076923076923	0.375	0.17543859649122806	1.0	0.0	0.0	1.0	0.5	0.0	0.04	2
1.0	0.2593984962406015	0.07446428571428572	0.5	0.5384615384615384	0.375	0.0029824561403508773	0.0	0.0	0.0	0.0	0.5	0.15	0.0	1
0.0	0.1717293233082707	0.10267857142857142	0.5	1.0	0.875	0.03070175438596491	1.0	0.0	0.0	0.0	0.5	0.18	0.0	2
1.0	0.20556390977443612	0.44642857142857145	0.5	0.38461538461538464	0.5	0.008771929824561403	0.0	0.0	0.0	1.0	0.5	0.36	0.0	1
1.0	0.2679699248120301	0.14285714285714285	0.5	1.0	0.375	0.17543859649122806	1.0	1.0	0.04477611940298507	1.0	0.5	0.145	0.02279	2
1.0	0.3057142857142857	0.23214285714285715	0.5	0.38461538461538464	0.375	0.0043859649122807015	1.0	0.0	0.0	1.0	0.5	0.2215	0.0	1
1.0	0.12526315789473683	0.08339285714285714	0.5	0.23076923076923078	0.375	0.02631578947368421	0.0	0.0	0.0	0.0	0.5	0.09	0.0	1
1.0	0.26060150375939845	0.11017857142857143	0.5	0.5384615384615384	0.375	0.08771929824561403	0.0	1.0	0.029850746268656716	1.0	0.5	0.08	4.1E-4	1
1.0	0.2679699248120301	0.017857142857142856	0.5	0.5384615384615384	0.5	0.029298245614035087	1.0	0.0	0.0	1.0	0.0	0.16	0.0	1
1.0	0.03383458646616541	0.11160714285714286	0.5	0.6153846153846154	0.375	0.0029824561403508773	0.0	1.0	0.014925373134328358	0.0	0.5	0.0	6.0E-5	1
1.0	0.20300751879699247	0.05946428571428571	0.5	0.9230769230769231	0.875	0.17842105263157895	1.0	1.0	0.13432835820895522	0.0	0.5	0.1995	0.00827	2
1.0	0.1717293233082707	0.10714285714285714	0.5	0.5384615384615384	0.375	0.043859649122807015	0.0	1.0	0.014925373134328358	0.0	0.5	0.0	2.2E-4	1
1.0	0.8120300751879699	0.19642857142857142	0.5	0.6923076923076923	1.0	0.45614035087719296	1.0	1.0	0.014925373134328358	1.0	0.5	0.0	0.0	2
0.0	0.076390977443609	0.3392857142857143	0.5	0.6153846153846154	0.375	0.05701754385964912	1.0	1.0	0.08955223880597014	1.0	0.5	0.02	0.0060	2
0.0	0.20300751879699247	0.010357142857142856	0.5	0.46153846153846156	0.875	0.0043859649122807015	0.0	1.0	0.014925373134328358	1.0	0.5	0.136	0.00108	1
0.0	0.0876691729323308	0.02375	0.0	0.5384615384615384	0.375	0.03508771929824561	0.0	1.0	0.014925373134328358	0.0	0.5	1.0	2.0E-5	1
1.0	0.2556390977443609	0.056607142857142856	0.5	0.07692307692307693	0.375	0.020526315789473684	0.0	0.0	0.0	1.0	0.0	0.0	0.0	1
0.0	0.5488721804511278	0.02982142857142857	0.5	0.38461538461538464	0.375	0.017543859649122806	0.0	0.0	0.0	1.0	0.5	0.12	0.00117	1
1.0	0.26060150375939845	0.05357142857142857	0.0	0.6153846153846154	0.375	0.0014035087719298247	0.0	0.0	0.0	0.0	0.0	0.08	0.0	1
1.0	0.5688721804511278	0.5357142857142857	0.5	0.5384615384615384	0.375	0.2982456140350877	1.0	1.0	0.13432835820895522	0.0	0.5	0.0	0.0	2
0.0	0.34330827067669173	0.010357142857142856	0.5	0.0	0.0	0.0	0.0	1.0	0.14925373134328357	0.0	0.5	0.1	1.8E-4	1
1.0	0.29819548872180446	0.09821428571428571	0.5	0.46153846153846156	0.375	0.14912280701754385	1.0	1.0	0.08955223880597014	0.0	0.5	0.102	0.0	2
0.0	0.1064661654135338	0.10714285714285714	0.5	0.38461538461538464	0.375	0.0014035087719298247	1.0	0.0	0.0	0.0	0.5	0.05	0.0	2
1.0	0.3371428571428572	0.6473214285714286	0.5	0.6153846153846154	0.375	0.0029824561403508773	0.0	0.0	0.0	0.0	0.5	0.16	0.03552	1
1.0	0.556390977443609	0.02089285714285714	0.5	0.0	0.0	0.0	0.0	0.0	0.0	0.0	0.5	0.0725	0.0	1
0.0	0.14781954887218043	0.02964285714285714	0.5	0.7692307692307693	0.375	0.01456140350877193	0.0	1.0	0.014925373134328358	1.0	0.5	0.1	1.1E-4	1
1.0	0.3221052631578948	0.16071428571428573	0.5	1.0	0.875	0.20175438596491227	0.0	0.0	0.0	1.0	0.0	0.3555	0.0	2
0.0	0.6717293233082707	0.75	0.5	0.15384615384615385	0.5	0.3508771929824561	1.0	1.0	0.19402985074626866	0.0	0.5	0.0	0.067	2
1.0	0.21804511278195488	0.03125	0.5	0.46153846153846156	0.375	0.03368421052631579	1.0	1.0	0.04477611940298507	1.0	0.5	0.198	0.0	2
1.0	0.2679699248120301	0.022321428571428572	0.5	0.23076923076923078	0.375	0.008771929824561403	0.0	0.0	0.0	0.0	0.5	0.19	0.0201	1
0.0	0.2706766917293233	0.10714285714285714	0.0	0.3076923076923077	0.25	0.0	0.0	0.0	0.0	0.0	0.5	0.08	2.0E-4	1
1.0	0.08526315789473687	0.23214285714285715	0.5	0.6153846153846154	0.875	0.051228070175438595	1.0	1.0	0.1044776119402985	0.0	0.5	0.04	0.02954	2
1.0	0.38090225563909774	0.21428571428571427	0.5	0.46153846153846156	0.375	0.045263157894736845	1.0	1.0	0.07462686567164178	1.0	0.5	0.054	0.01097	2
1.0	0.050075187969924786	0.11750000000000001	0.5	0.15384615384615385	0.375	0.011754385964912281	0.0	0.0	0.0	1.0	0.5	0.07	2.0E-5	1
1.0	0.46736842105263154	0.25	0.0	0.5384615384615384	0.375	0.05701754385964912	0.0	0.0	0.0	0.0	0.5	0.08	2.0E-5	1
1.0	0.03759398496240601	0.0	0.0	0.38461538461538464	0.375	0.008771929824561403	0.0	0.0	0.0	0.0	0.5	0.03	0.0	1
0.0	0.4123308270676692	0.23214285714285715	0.5	0.7692307692307693	0.375	0.017543859649122806	1.0	1.0	0.04477611940298507	1.0	0.5	0.0725	0.0	2
1.0	0.22812030075187972	0.5357142857142857	0.5	0.5384615384615384	0.875	0.18719298245614036	1.0	1.0	0.16417910447761194	0.0	0.5	0.0	0.02283	2
0.0	0.1867669172932331	0.07142857142857142	0.5	0.3076923076923077	0.25	0.0	0.0	0.0	0.0	1.0	0.5	0.138	1.0E-5	1
1.0	0.37338345864661654	0.11910714285714286	0.5	0.6153846153846154	0.375	0.14035087719298245	1.0	1.0	0.208955223880597	0.0	0.5	0.1915	0.01344	2
1.0	0.1717293233082707	0.21428571428571427	0.5	0.5384615384615384	0.375	0.03508771929824561	1.0	1.0	0.04477611940298507	0.0	0.5	0.0	0.0	2
0.0	0.21684210526315792	0.013392857142857142	0.5	0.7692307692307693	0.375	0.020526315789473684	1.0	1.0	0.05970149253731343	0.0	0.5	0.04	0.0	2
1.0	0.8972932330827068	0.6339285714285714	0.5	0.0	0.0	0.0	1.0	0.0	0.0	1.0	0.5	0.0	0.0	2
1.0	0.13157894736842105	0.4107142857142857	0.0	0.46153846153846156	0.375	0.05263157894736842	0.0	0.0	0.0	1.0	0.5	0.0	0.04	1
0.0	0.20180451127819551	0.044642857142857144	0.5	0.0	0.0	0.0	0.0	1.0	0.014925373134328358	0.0	0.5	0.046	0.0030	1
0.0	0.08150375939849627	0.3066071428571429	0.5	0.9230769230769231	0.875	0.02631578947368421	1.0	1.0	0.1044776119402985	0.0	0.5	0.048	0.0	2
0.0	0.17789473684210524	0.0	0.5	0.5384615384615384	0.375	0.0	0.0	0.0	0.0	0.0	1.0	0.092	0.0	2
1.0	0.2679699248120301	0.0014285714285714286	0.0	0.07692307692307693	0.375	0.14912280701754385	0.0	0.0	0.0	1.0	0.5	0.23	0.0	1
0.0	0.13157894736842105	0.30357142857142855	0.5	0.7692307692307693	0.375	0.06140350877192982	1.0	1.0	0.14925373134328357	0.0	0.5	0.04	0.0099	1
0.0	0.1378947368421053	0.044642857142857144	0.5	0.7692307692307693	0.375	0.008771929824561403	0.0	0.0	0.0	1.0	0.5	0.06	0.00809	1
1.0	0.14285714285714285	0.45089285714285715	0.5	0.5384615384615384	0.375	0.0043859649122807015	0.0	1.0	0.029850746268656716	0.0	0.5	0.0	0.05552	1
0.0	0.23684210526315788	0.03875	0.0	1.0	0.375	0.03508771929824561	0.0	0.0	0.0	0.0	0.5	0.14	1.3E-4	1
0.0	0.2744360902255639	0.21428571428571427	0.5	0.07692307692307693	0.375	0.043859649122807015	0.0	0.0	0.0	0.0	0.5	0.136	0.0	1
1.0	0.19924812030075187	0.05357142857142857	0.0	0.6153846153846154	0.375	0.013157894736842105	1.0	0.0	0.0	1.0	0.5	0.13	0.01065	2
1.0	0.0839097744360902	0.38982142857142854	0.5	0.5384615384615384	0.5	0.020526315789473684	0.0	1.0	0.029850746268656716	1.0	0.5	0.1	7.0E-5	1
1.0	0.3308270676691729	0.08625000000000001	0.5	0.6153846153846154	0.375	0.0043859649122807015	0.0	1.0	0.029850746268656716	0.0	0.5	0.11	1.0E-5	1
1.0	0.076390977443609	0.0	0.5	0.7692307692307693	0.375	0.023333333333333334	0.0	0.0	0.0	0.0	0.5	0.08	1.0E-5	1
0.0	0.22556390977443608	0.13392857142857142	0.5	0.5384615384615384	0.375	0.03807017543859649	1.0	1.0	0.014925373134328358	1.0	0.5	0.1855	0.0	2
1.0	0.31082706766917295	0.15178571428571427	0.5	0.15384615384615385	0.5	0.11403508771929824	1.0	1.0	0.029850746268656716	0.0	0.5	0.137	0.0061	2
0.0	0.2932330827067669	0.10714285714285714	0.0	0.38461538461538464	0.375	0.07017543859649122	0.0	0.0	0.0	0.0	0.5	0.09	0.0	1
1.0	0.6040601503759399	0.34375	0.5	0.6923076923076923	0.375	0.3040350877192982	1.0	1.0	0.07462686567164178	0.0	0.5	0.0	0.0	2
1.0	0.17293233082706766	0.03571428571428571	0.5	0.38461538461538464	0.375	0.017543859649122806	0.0	0.0	0.0	0.0	0.5	0.1	0.0	1
1.0	0.28075187969924814	0.07732142857142857	0.0	0.23076923076923078	0.0	0.0	0.0	0.0	0.0	0.0	0.5	0.06	0.0	1
0.0	0.11022556390977441	0.17857142857142858	0.0	0.0	0.0	0.0	0.0	0.0	0.0	0.0	0.5	0.0	0.0	1
0.0	0.6428571428571429	0.5714285714285714	0.5	0.3076923076923077	0.0	0.0	1.0	1.0	0.22388059701492538	0.0	0.5	0.0	0.00247	2
1.0	0.2781954887218045	0.005892857142857143	0.0	0.5384615384615384	0.875	0.11403508771929824	1.0	1.0	0.014925373134328358	1.0	0.5	0.216	0.08	2
0.0	0.10150375939849623	0.42267857142857146	0.5	0.5384615384615384	0.875	0.21052631578947367	1.0	0.0	0.0	0.0	0.5	0.17	0.0	2
0.0	0.24812030075187969	0.19642857142857142	0.5	0.23076923076923078	0.375	0.19298245614035087	0.0	0.0	0.0	1.0	0.0	0.05	0.0	1
0.0	0.16285714285714284	0.02392857142857143	0.5	0.38461538461538464	0.875	0.06140350877192982	1.0	0.0	0.0	0.0	0.5	0.2	0.0	1
1.0	0.1416541353383459	0.39732142857142855	0.5	1.0	0.875	0.016140350877192983	1.0	1.0	0.014925373134328358	0.0	0.5	0.05	0.0	2
0.0	0.2679699248120301	0.4017857142857143	0.5	0.0	0.0	0.0	0.0	0.0	0.0	0.0	0.5	0.092	0.052	1
0.0	0.2793984962406015	0.019285714285714288	0.5	0.9230769230769231	0.375	0.0014035087719298247	1.0	0.0	0.0	0.0	0.5	0.22	0.11177	2
1.0	0.1529323308270677	0.05357142857142857	0.5	0.07692307692307693	0.875	0.06578947368421052	1.0	1.0	0.08955223880597014	0.0	0.5	0.1	0.00327	2
1.0	0.3458646616541353	0.004464285714285714	0.0	0.5384615384615384	0.375	0.05263157894736842	0.0	0.0	0.0	1.0	0.5	0.116	0.00113	2
1.0	0.24180451127819547	0.044642857142857144	0.0	0.23076923076923078	0.375	0.008771929824561403	0.0	0.0	0.0	0.0	0.5	0.112	0.0	1
0.0	0.15533834586466164	0.017857142857142856	0.5	0.7692307692307693	0.875	0.043859649122807015	1.0	1.0	0.014925373134328358	0.0	0.5	0.0	0.00678	2
1.0	0.11157894736842108	0.008928571428571428	0.0	0.5384615384615384	0.875	0.008771929824561403	0.0	0.0	0.0	0.0	0.5	0.14	0.00204	1
1.0	0.26571428571428574	0.5535714285714286	0.5	0.5384615384615384	0.375	0.017543859649122806	1.0	0.0	0.0	0.0	0.5	0.06	0.0	1
1.0	0.13654135338345863	0.10714285714285714	0.5	0.46153846153846156	0.375	0.045263157894736845	1.0	1.0	0.014925373134328358	0.0	0.5	0.13	0.0080	2
1.0	0.35714285714285715	0.0625	0.0	0.5384615384615384	0.5	0.008771929824561403	1.0	0.0	0.0	1.0	0.5	0.082	0.0040	1
0.0	0.16661654135338344	0.16071428571428573	0.5	0.6153846153846154	0.375	0.03508771929824561	0.0	0.0	0.0	1.0	0.5	0.18	6.0E-5	1
1.0	0.3395488721804511	0.13535714285714287	0.5	0.6153846153846154	0.375	0.040877192982456144	1.0	0.0	0.0	1.0	0.5	0.1	0.0	1
0.0	0.5037593984962406	0.026785714285714284	0.5	0.7692307692307693	0.875	0.09649122807017543	1.0	1.0	0.014925373134328358	0.0	0.5	0.1665	0.00892	2
1.0	0.27563909774436085	0.14285714285714285	0.0	0.9230769230769231	0.375	0.05263157894736842	0.0	0.0	0.0	1.0	0.5	0.06	0.0	1
0.0	0.25308270676691724	0.3808928571428571	0.5	0.7692307692307693	0.875	0.0029824561403508773	0.0	1.0	0.1791044776119403	1.0	0.5	0.0645	3.0E-5	1
1.0	0.21172932330827066	0.055	0.5	0.6153846153846154	0.375	0.13157894736842105	1.0	1.0	0.07462686567164178	1.0	0.5	0.05	3.0E-5	2
1.0	0.6177443609022556	0.5535714285714286	0.5	0.6923076923076923	1.0	0.0	1.0	1.0	0.29850746268656714	0.0	0.5	0.076	0.0013	1
1.0	0.03503759398496238	0.026785714285714284	0.5	0.5384615384615384	0.375	0.06140350877192982	1.0	1.0	0.07462686567164178	1.0	0.5	0.176	0.0069	2
1.0	0.16285714285714284	0.44642857142857145	0.5	0.6153846153846154	0.375	0.03070175438596491	1.0	0.0	0.0	1.0	0.5	0.13	0.0	1
1.0	0.28451127819548877	0.19642857142857142	0.5	0.7692307692307693	0.875	0.19298245614035087	1.0	1.0	0.1791044776119403	1.0	0.5	0.204	0.01	2
1.0	0.24691729323308273	0.017857142857142856	0.5	0.5384615384615384	0.375	0.06140350877192982	1.0	1.0	0.16417910447761194	0.0	0.5	0.016	0.0054	2
1.0	0.12781954887218044	0.016428571428571428	0.5	0.23076923076923078	0.375	0.0043859649122807015	0.0	0.0	0.0	1.0	0.5	0.14	5.5E-4	1
1.0	0.42105263157894735	0.03428571428571429	0.5	1.0	0.375	0.08771929824561403	1.0	0.0	0.0	0.0	0.5	0.255	0.0060	2
1.0	0.3446616541353384	0.07142857142857142	0.5	0.15384615384615385	0.375	0.008771929824561403	0.0	0.0	0.0	1.0	0.5	0.1105	0.0	1
1.0	0.18165413533834585	0.45839285714285716	0.5	0.9230769230769231	0.375	0.017543859649122806	0.0	0.0	0.0	0.0	0.5	0.0	2.0E-5	1
1.0	0.24315789473684213	0.06553571428571428	0.5	0.5384615384615384	0.875	0.15210526315789474	1.0	0.0	0.0	0.0	0.5	0.13	0.0020	2
1.0	0.095187969924812	0.008928571428571428	0.5	0.7692307692307693	0.375	0.0043859649122807015	0.0	0.0	0.0	0.0	0.5	0.1	0.0	1
1.0	0.08902255639097748	0.013392857142857142	0.5	0.7692307692307693	0.375	0.07017543859649122	1.0	1.0	0.029850746268656716	1.0	0.5	0.04	0.0	2
1.0	0.5664661654135339	0.0014285714285714286	0.5	1.0	0.875	0.0014035087719298247	1.0	0.0	0.0	0.0	0.5	0.0	0.03	2
1.0	0.7368421052631579	0.25	0.5	0.6923076923076923	1.0	0.0	0.0	0.0	0.0	0.0	0.5	0.0	1.2E-4	1
1.0	0.40345864661654135	0.11750000000000001	0.5	0.46153846153846156	0.375	0.12280701754385964	0.0	0.0	0.0	1.0	0.0	0.2	0.0	1
0.0	0.03879699248120298	0.0075	0.5	0.38461538461538464	0.375	0.0043859649122807015	0.0	0.0	0.0	0.0	0.5	0.1	1.0E-5	1
1.0	0.23684210526315788	0.020714285714285713	0.5	0.6153846153846154	0.375	0.010175438596491228	0.0	1.0	0.014925373134328358	0.0	0.5	0.17	0.02803	1
1.0	0.30451127819548873	0.16071428571428573	0.5	0.38461538461538464	0.375	0.03508771929824561	1.0	0.0	0.0	1.0	0.5	0.12	0.0	1
0.0	0.869624060150376	0.0	0.5	0.5384615384615384	0.375	0.0	0.0	0.0	0.0	0.0	1.0	0.092	0.0	2
1.0	0.424812030075188	0.007321428571428571	0.5	0.15384615384615385	0.875	0.17982456140350878	1.0	0.0	0.0	0.0	0.5	0.2	0.0	2
0.0	0.13157894736842105	0.39285714285714285	0.0	0.7692307692307693	0.375	0.10526315789473684	1.0	0.0	0.0	1.0	0.5	0.134	0.0	1
1.0	0.1604511278195489	0.07142857142857142	0.5	0.6923076923076923	0.125	0.005789473684210527	0.0	1.0	0.029850746268656716	0.0	0.5	0.16	0.013	1
1.0	0.45984962406015034	0.017857142857142856	0.5	0.15384615384615385	0.875	0.17543859649122806	1.0	0.0	0.0	1.0	0.5	0.16	0.0	2
0.0	0.13909774436090225	0.41964285714285715	0.5	1.0	0.875	0.017543859649122806	1.0	1.0	0.029850746268656716	1.0	0.5	0.15	0.00551	2
1.0	0.31082706766917295	0.047678571428571424	0.5	0.15384615384615385	0.5	0.0043859649122807015	0.0	0.0	0.0	1.0	0.5	0.22	0.045	1
1.0	0.14030075187969923	0.4107142857142857	0.5	0.15384615384615385	0.375	0.12280701754385964	1.0	1.0	0.13432835820895522	0.0	0.5	0.028	0.00742	2
1.0	0.1830075187969925	0.03125	0.5	0.23076923076923078	0.375	0.013157894736842105	0.0	1.0	0.029850746268656716	1.0	0.5	0.087	3.0E-5	1
0.0	0.05759398496240599	0.32142857142857145	0.5	0.38461538461538464	0.375	0.04824561403508772	1.0	0.0	0.0	1.0	0.5	0.0	0.0	2
1.0	0.10030075187969928	0.03875	0.5	0.7692307692307693	0.375	0.05263157894736842	0.0	0.0	0.0	0.0	0.5	0.054	7.0E-5	1
1.0	0.26947368421052637	0.5773214285714285	0.5	0.07692307692307693	0.375	0.10526315789473684	1.0	1.0	0.13432835820895522	0.0	0.5	0.125	0.0073	2
0.0	0.6590977443609022	0.07142857142857142	0.5	0.0	0.0	0.22807017543859648	0.0	1.0	0.014925373134328358	0.0	0.5	0.0	1.0E-4	1
1.0	0.6905263157894737	0.055	0.5	0.7692307692307693	0.375	0.0043859649122807015	1.0	0.0	0.0	1.0	0.5	0.13	0.0	2
0.0	0.7732330827067669	0.5	0.5	0.0	0.0	0.0	1.0	1.0	0.16417910447761194	1.0	0.5	0.0	0.014	2
1.0	0.24556390977443607	0.037142857142857144	0.0	0.15384615384615385	0.5	0.017543859649122806	1.0	1.0	0.14925373134328357	1.0	0.5	0.066	2.8E-4	1
1.0	0.5237593984962405	0.23214285714285715	0.5	0.7692307692307693	0.875	0.21052631578947367	1.0	0.0	0.0	1.0	0.5	0.175	0.0	2
0.0	0.14781954887218043	0.4107142857142857	0.0	0.23076923076923078	0.875	0.10526315789473684	0.0	0.0	0.0	1.0	0.5	0.01	1.6E-4	1
1.0	0.09654135338345868	0.33035714285714285	0.5	0.5384615384615384	0.375	0.05842105263157895	1.0	1.0	0.04477611940298507	1.0	0.5	0.02	2.8E-4	2
1.0	0.517593984962406	0.27232142857142855	0.5	0.6153846153846154	0.875	0.543859649122807	1.0	1.0	0.1791044776119403	0.0	0.5	0.0	0.0079	2
1.0	0.14285714285714285	0.05357142857142857	0.5	0.7692307692307693	0.375	0.08333333333333333	1.0	1.0	0.04477611940298507	1.0	0.5	0.0	0.00582	2
1.0	0.2781954887218045	0.5	0.0	0.0	0.0	0.0	0.0	1.0	0.029850746268656716	0.0	0.5	0.08	1.0E-5	1
1.0	0.29819548872180446	0.011964285714285715	0.0	0.9230769230769231	0.375	0.0029824561403508773	0.0	0.0	0.0	0.0	0.5	0.09	0.0	1
1.0	0.14781954887218043	0.016428571428571428	0.0	0.6153846153846154	0.375	0.09210526315789473	1.0	1.0	0.08955223880597014	1.0	0.5	0.104	0.00347	1
1.0	0.047669172932330854	0.011964285714285715	0.0	0.23076923076923078	0.375	0.010175438596491228	0.0	0.0	0.0	0.0	0.0	0.1	0.0	1
0.0	0.1064661654135338	0.30357142857142855	0.5	0.5384615384615384	0.375	0.005789473684210527	0.0	0.0	0.0	0.0	0.5	0.0	0.00351	1
0.0	0.7042105263157894	0.5892857142857143	0.5	0.7692307692307693	0.375	0.38596491228070173	1.0	0.0	0.0	1.0	0.5	0.0105	0.10561	2
1.0	0.2679699248120301	0.17857142857142858	0.0	0.38461538461538464	0.375	0.2982456140350877	1.0	0.0	0.0	0.0	0.5	0.0	0.0	1
0.0	0.16917293233082706	0.44035714285714284	0.5	0.9230769230769231	0.875	0.12280701754385964	1.0	1.0	0.08955223880597014	0.0	0.5	0.2	0.00458	2
1.0	0.11654135338345864	0.3482142857142857	0.5	0.5384615384615384	0.375	0.008771929824561403	1.0	0.0	0.0	0.0	0.5	0.07	0.0	1
1.0	0.10030075187969928	0.0	0.5	0.5384615384615384	0.375	0.0	0.0	0.0	0.0	0.0	1.0	0.092	0.0	1
0.0	0.17293233082706766	0.48214285714285715	0.0	0.0	0.0	0.07017543859649122	0.0	1.0	0.014925373134328358	1.0	0.5	0.1	1.0E-5	1
1.0	0.43729323308270673	0.16517857142857142	0.5	0.7692307692307693	0.375	0.1607017543859649	1.0	0.0	0.0	0.0	0.0	0.0	0.0	2
1.0	0.1942857142857143	0.0625	0.0	0.5384615384615384	0.375	0.03508771929824561	1.0	1.0	0.07462686567164178	1.0	0.5	0.08	0.05777	2
1.0	0.6628571428571428	0.25142857142857145	0.5	0.46153846153846156	0.375	0.49122807017543857	1.0	1.0	0.08955223880597014	1.0	0.5	0.18	0.01332	2
1.0	0.6341353383458647	0.4107142857142857	0.5	0.0	0.0	0.17543859649122806	1.0	1.0	0.07462686567164178	0.0	0.5	0.0	0.08851	2
1.0	0.5651127819548872	0.35714285714285715	0.5	0.15384615384615385	0.5	0.0	1.0	1.0	0.16417910447761194	0.0	0.5	0.0	0.01249	2
1.0	0.3921804511278195	0.017857142857142856	0.5	0.46153846153846156	0.375	0.008771929824561403	1.0	0.0	0.0	0.0	0.0	0.144	0.0	1
1.0	0.20796992481203005	0.07285714285714286	0.0	0.38461538461538464	0.375	0.07017543859649122	1.0	1.0	0.04477611940298507	1.0	0.5	0.185	0.0056	2
1.0	0.24691729323308273	0.23214285714285715	0.5	0.9230769230769231	0.375	0.10964912280701754	1.0	1.0	0.11940298507462686	0.0	0.5	0.165	0.012	2
1.0	0.5726315789473684	0.07285714285714286	0.0	0.0	0.0	0.05263157894736842	0.0	0.0	0.0	0.0	0.5	0.06	1.0E-5	1
0.0	0.16917293233082706	0.39285714285714285	0.0	0.38461538461538464	0.375	0.15789473684210525	1.0	0.0	0.0	0.0	0.5	0.06	0.0	1
1.0	0.23939849624060153	0.026785714285714284	0.0	0.5384615384615384	0.375	0.0014035087719298247	0.0	0.0	0.0	0.0	0.5	0.12	0.0	1
0.0	0.2995488721804512	0.013392857142857142	0.5	0.9230769230769231	0.375	0.013157894736842105	0.0	0.0	0.0	0.0	0.5	0.15	4.4E-4	2
1.0	0.18045112781954886	0.026785714285714284	0.5	0.5384615384615384	0.5	0.008771929824561403	1.0	0.0	0.0	0.0	0.5	0.1745	2.3E-4	2
0.0	0.22436090225563912	0.037142857142857144	0.5	0.5384615384615384	0.375	0.08771929824561403	1.0	1.0	0.07462686567164178	1.0	0.5	0.15	0.0143	2
0.0	0.06511278195488719	0.013392857142857142	1.0	0.9230769230769231	0.0	0.3508771929824561	0.0	0.0	0.0	1.0	0.0	0.15	0.0	2
1.0	0.10030075187969928	0.25	0.5	0.5384615384615384	0.375	0.05701754385964912	1.0	1.0	0.04477611940298507	0.0	0.5	0.1	0.01391	2
1.0	0.05639097744360902	0.7857142857142857	1.0	0.0	0.75	0.0	0.0	0.0	0.0	1.0	1.0	0.225	1.0	2
1.0	0.06511278195488719	0.24107142857142858	0.0	0.46153846153846156	0.375	0.0014035087719298247	0.0	0.0	0.0	0.0	0.5	0.07	0.0	1
1.0	0.5100751879699248	0.08928571428571429	0.5	0.46153846153846156	0.5	0.08771929824561403	1.0	1.0	0.1791044776119403	1.0	0.5	0.205	0.0251	2
1.0	0.6566917293233083	0.30357142857142855	0.5	0.6923076923076923	0.875	0.24561403508771928	1.0	1.0	0.04477611940298507	0.0	0.5	0.0	0.0	2
1.0	0.0	0.14285714285714285	0.0	0.6153846153846154	0.375	0.06140350877192982	1.0	1.0	0.029850746268656716	1.0	0.5	0.06	0.01	2
1.0	0.0839097744360902	0.3392857142857143	0.5	0.7692307692307693	0.375	0.03508771929824561	1.0	0.0	0.0	1.0	0.5	0.03	0.0040	2
0.0	0.12285714285714289	0.41660714285714284	0.5	0.23076923076923078	0.875	0.0029824561403508773	0.0	0.0	0.0	0.0	0.5	0.16	5.0E-5	1
1.0	0.05759398496240599	0.35714285714285715	0.5	0.6153846153846154	0.875	0.005789473684210527	0.0	1.0	0.014925373134328358	0.0	0.5	0.06	1.0E-5	1
1.0	0.3169924812030075	0.08928571428571429	0.0	0.6153846153846154	0.375	0.10526315789473684	0.0	0.0	0.0	0.0	0.0	0.1	0.0	1
1.0	0.23187969924812032	0.125	0.5	0.6153846153846154	0.375	0.12280701754385964	1.0	1.0	0.04477611940298507	1.0	0.5	0.1645	0.0	1
1.0	0.11533834586466168	0.026785714285714284	0.0	0.8461538461538461	0.75	0.02631578947368421	0.0	0.0	0.0	1.0	0.5	0.066	2.0E-5	1
1.0	0.06646616541353385	0.36607142857142855	0.5	0.5384615384615384	0.875	0.03807017543859649	0.0	0.0	0.0	0.0	0.5	0.16	1.3E-4	1
1.0	0.21428571428571427	0.10714285714285714	0.5	0.6153846153846154	0.375	0.02631578947368421	0.0	0.0	0.0	1.0	0.5	0.15	6.7E-4	1
0.0	0.48240601503759395	0.375	0.5	0.7692307692307693	0.375	0.17543859649122806	1.0	1.0	0.1044776119402985	1.0	0.5	0.0	0.0	2
1.0	0.13533834586466165	0.4107142857142857	0.5	0.15384615384615385	0.375	0.01456140350877193	0.0	0.0	0.0	0.0	0.5	0.0	0.0	1
0.0	0.2679699248120301	0.125	0.5	0.07692307692307693	0.375	0.10526315789473684	1.0	0.0	0.0	1.0	0.5	0.15	0.0	1
0.0	0.10030075187969928	0.26785714285714285	0.5	0.23076923076923078	0.375	0.05263157894736842	1.0	1.0	0.014925373134328358	0.0	0.5	0.08	0.00234	2
0.0	0.11278195488721804	0.08339285714285714	0.5	0.15384615384615385	0.5	0.017543859649122806	1.0	1.0	0.05970149253731343	0.0	0.0	0.04	0.0	2
1.0	0.1942857142857143	0.15178571428571427	0.5	0.9230769230769231	0.375	0.15052631578947367	1.0	1.0	0.014925373134328358	1.0	0.5	0.06	0.0	2
0.0	0.20421052631578945	0.05946428571428571	0.5	0.0	0.0	0.0	0.0	0.0	0.0	0.0	0.5	0.17	1.0E-5	1
1.0	0.42601503759398496	0.037142857142857144	0.5	0.6153846153846154	0.375	0.17543859649122806	1.0	1.0	0.08955223880597014	1.0	0.5	0.25	0.1	2
0.0	0.06766917293233082	0.35714285714285715	0.5	0.6153846153846154	0.375	0.03508771929824561	0.0	1.0	0.014925373134328358	0.0	0.5	0.06	1.0E-5	1
0.0	0.22180451127819548	0.03571428571428571	0.5	0.7692307692307693	0.375	0.03508771929824561	1.0	1.0	0.029850746268656716	1.0	0.5	0.0835	0.0050	1
0.0	0.11654135338345864	0.21428571428571427	0.5	0.38461538461538464	0.375	0.08771929824561403	1.0	1.0	0.04477611940298507	0.0	0.5	0.04	0.00918	2
1.0	0.12150375939849621	0.39285714285714285	0.5	1.0	0.375	0.010175438596491228	1.0	1.0	0.08955223880597014	0.0	0.5	0.0605	0.0	2
1.0	0.12285714285714289	0.017857142857142856	0.5	0.5384615384615384	0.375	0.0043859649122807015	0.0	0.0	0.0	0.0	0.5	0.18	0.0	1
1.0	0.28451127819548877	0.32142857142857145	0.0	0.6153846153846154	0.875	0.18421052631578946	1.0	0.0	0.0	1.0	0.5	0.077	0.0	2
0.0	0.47488721804511275	0.03571428571428571	0.5	0.7692307692307693	0.375	0.0043859649122807015	0.0	0.0	0.0	1.0	0.5	0.1315	0.0	1
0.0	0.14781954887218043	0.02089285714285714	0.0	0.0	0.0	0.0043859649122807015	0.0	0.0	0.0	0.0	0.5	0.06	8.7E-4	1
0.0	0.06270676691729325	0.019285714285714288	0.5	0.5384615384615384	0.375	0.06140350877192982	0.0	1.0	0.014925373134328358	1.0	0.5	0.04	5.0E-5	1
1.0	0.2894736842105263	0.08928571428571429	0.0	0.6153846153846154	0.375	0.24561403508771928	0.0	0.0	0.0	1.0	0.5	0.14	0.0	1
0.0	0.1341353383458647	0.011964285714285715	0.5	0.7692307692307693	0.375	0.02631578947368421	0.0	0.0	0.0	0.0	0.0	0.08	0.0	1
1.0	0.3145864661654136	0.038571428571428576	0.5	0.46153846153846156	0.375	0.040877192982456144	0.0	0.0	0.0	0.0	0.0	0.014	0.0	1
1.0	0.23939849624060153	0.05053571428571429	0.5	0.6153846153846154	0.875	0.02631578947368421	1.0	1.0	0.014925373134328358	0.0	0.5	0.12	0.0010	2
1.0	0.2718796992481203	0.08928571428571429	0.5	0.38461538461538464	0.375	0.2631578947368421	1.0	0.0	0.0	1.0	0.5	0.2615	0.0	1
0.0	0.10406015037593988	0.06553571428571428	0.5	0.7692307692307693	0.375	0.0731578947368421	1.0	1.0	0.07462686567164178	0.0	0.5	0.11	0.02503	2
1.0	0.3007518796992481	0.09821428571428571	0.5	0.15384615384615385	0.5	0.0	0.0	0.0	0.0	0.0	0.5	0.09	0.0	1
1.0	0.12526315789473683	0.02964285714285714	0.5	0.5384615384615384	0.875	0.07596491228070175	0.0	0.0	0.0	1.0	0.5	0.064	0.0	2
0.0	0.32586466165413536	0.42857142857142855	0.5	0.7692307692307693	0.875	0.49122807017543857	1.0	1.0	0.11940298507462686	0.0	0.5	0.0	0.0659	2
1.0	0.27323308270676694	0.15928571428571428	0.5	0.9230769230769231	0.875	0.21192982456140352	1.0	1.0	0.04477611940298507	0.0	0.5	0.1555	0.0030	2
0.0	0.1341353383458647	0.028214285714285716	0.5	0.15384615384615385	0.375	0.0029824561403508773	0.0	0.0	0.0	0.0	0.5	0.072	0.0	1
1.0	0.1942857142857143	0.5208928571428572	0.5	0.15384615384615385	0.5	0.0	0.0	0.0	0.0	1.0	0.5	0.089	0.0	1
1.0	0.4548872180451128	0.07142857142857142	0.5	0.46153846153846156	0.375	0.06140350877192982	1.0	1.0	0.029850746268656716	1.0	0.5	0.0	1.5E-4	2
1.0	0.24691729323308273	0.03875	0.0	0.5384615384615384	0.375	0.0014035087719298247	0.0	0.0	0.0	0.0	0.5	0.085	0.00179	1
1.0	0.3609022556390977	0.25	0.5	0.7692307692307693	0.875	0.40350877192982454	1.0	1.0	0.1044776119402985	1.0	0.5	0.15	5.0E-5	1
1.0	0.050075187969924786	0.003035714285714286	0.0	0.5384615384615384	0.375	0.0014035087719298247	0.0	0.0	0.0	0.0	0.5	0.07	0.00722	1
1.0	0.5326315789473685	0.08178571428571428	0.5	0.0	0.0	0.010175438596491228	0.0	0.0	0.0	0.0	0.5	0.1	3.0E-5	1
1.0	0.1378947368421053	0.006071428571428572	0.5	0.46153846153846156	0.375	0.0029824561403508773	0.0	0.0	0.0	0.0	0.0	0.0	0.0	1
0.0	0.3169924812030075	0.044642857142857144	0.0	0.15384615384615385	0.875	0.017543859649122806	0.0	0.0	0.0	1.0	0.5	0.08	0.0	1
1.0	0.45864661654135336	0.39285714285714285	0.0	0.07692307692307693	0.375	0.05263157894736842	1.0	0.0	0.0	0.0	0.0	0.0	0.0	1
1.0	0.6879699248120301	0.09821428571428571	0.5	0.6153846153846154	0.375	0.06140350877192982	1.0	1.0	0.07462686567164178	1.0	0.5	0.03	5.8E-4	2
1.0	0.17669172932330826	0.013392857142857142	0.5	0.46153846153846156	0.375	0.008771929824561403	1.0	1.0	0.04477611940298507	0.0	0.5	0.13	0.15108	2
0.0	0.41849624060150376	0.037142857142857144	0.5	0.38461538461538464	0.375	0.023333333333333334	0.0	0.0	0.0	0.0	0.5	0.12	0.00237	1
1.0	0.5387969924812029	0.6785714285714286	0.5	0.0	0.0	0.0	1.0	1.0	0.014925373134328358	0.0	0.5	0.047	0.0	1
0.0	0.30330827067669175	0.056607142857142856	0.0	0.0	0.0	0.0	1.0	0.0	0.0	0.0	0.5	0.16	0.0	1
1.0	0.08150375939849627	0.14285714285714285	0.0	0.15384615384615385	0.375	0.03508771929824561	0.0	0.0	0.0	1.0	0.5	0.18	0.01	1
0.0	0.16165413533834586	0.08625000000000001	0.0	0.5384615384615384	0.375	0.0	0.0	0.0	0.0	0.0	0.5	0.06	0.0	1
1.0	0.14406015037593983	0.05357142857142857	0.5	0.5384615384615384	0.875	0.04964912280701755	1.0	0.0	0.0	0.0	0.5	0.211	0.0020	2
1.0	0.8333834586466166	0.32142857142857145	0.5	0.0	0.0	0.14035087719298245	0.0	1.0	0.014925373134328358	0.0	0.5	0.035	6.0E-5	1
1.0	0.5100751879699248	0.010357142857142856	0.5	0.5384615384615384	0.5	0.5263157894736842	1.0	1.0	0.29850746268656714	0.0	0.5	0.0	0.15	2
0.0	0.2932330827067669	0.08928571428571429	0.0	0.5384615384615384	0.375	0.08771929824561403	0.0	0.0	0.0	1.0	0.5	0.0	2.0E-5	1
1.0	0.44360902255639095	0.10714285714285714	0.5	0.7692307692307693	0.875	0.21052631578947367	1.0	1.0	0.16417910447761194	0.0	0.5	0.04	0.0	2
1.0	0.13909774436090225	0.022321428571428572	0.0	0.38461538461538464	0.375	0.0043859649122807015	1.0	0.0	0.0	0.0	0.5	0.09	1.0E-5	1
1.0	0.3157894736842105	0.08928571428571429	0.5	0.9230769230769231	0.5	0.017543859649122806	0.0	0.0	0.0	0.0	0.5	0.174	0.0	1
1.0	0.6440601503759398	0.6607142857142857	0.5	0.07692307692307693	0.5	0.5263157894736842	1.0	1.0	0.2537313432835821	1.0	0.5	0.0	0.0	2
0.0	0.45744360902255643	0.2380357142857143	0.5	0.7692307692307693	0.375	0.25877192982456143	1.0	1.0	0.04477611940298507	1.0	0.5	0.0	0.0	2
0.0	0.45984962406015034	0.0	0.5	0.5384615384615384	0.375	0.08771929824561403	1.0	0.0	0.0	0.0	0.5	0.0	0.0	2
1.0	0.3082706766917293	0.0625	0.5	0.6153846153846154	0.5	0.008771929824561403	1.0	0.0	0.0	1.0	0.5	0.0815	0.0	1
0.0	0.4699248120300752	0.16375	0.5	0.23076923076923078	0.875	0.03508771929824561	0.0	0.0	0.0	1.0	0.0	0.12	0.0	1
1.0	0.25308270676691724	0.09678571428571428	0.0	0.46153846153846156	0.375	0.0043859649122807015	0.0	0.0	0.0	1.0	0.0	0.04	0.0	1
1.0	0.20932330827067672	0.026785714285714284	0.5	0.7692307692307693	0.875	0.005789473684210527	0.0	0.0	0.0	1.0	0.5	0.11	0.00251	1
1.0	0.08526315789473687	0.25892857142857145	0.5	0.46153846153846156	0.375	0.0014035087719298247	0.0	1.0	0.014925373134328358	0.0	0.5	0.05	1.0E-5	1
0.0	0.4147368421052631	0.03571428571428571	0.5	0.15384615384615385	0.5	0.07894736842105263	1.0	0.0	0.0	1.0	0.5	0.0	0.0030	2
0.0	0.14661654135338345	0.05357142857142857	0.5	0.6153846153846154	0.375	0.03070175438596491	0.0	0.0	0.0	1.0	0.5	0.08	0.0	1
1.0	0.26947368421052637	0.02964285714285714	0.5	1.0	0.375	0.04684210526315789	1.0	1.0	0.11940298507462686	1.0	0.5	0.1515	0.0329	2
0.0	0.06135338345864659	0.39285714285714285	0.5	1.0	0.875	0.03508771929824561	1.0	1.0	0.16417910447761194	0.0	0.5	0.0	0.03	2
0.0	0.29203007518797	0.08035714285714286	0.0	0.9230769230769231	0.375	0.12280701754385964	0.0	0.0	0.0	1.0	0.5	0.1	0.00141	1
0.0	0.5827067669172933	0.25	0.5	0.38461538461538464	0.875	0.10526315789473684	0.0	0.0	0.0	0.0	0.5	0.0	0.0	1
0.0	0.1754887218045113	0.04017857142857143	0.5	0.7692307692307693	0.375	0.045263157894736845	1.0	1.0	0.029850746268656716	0.0	0.5	0.1	0.0	1
1.0	0.40345864661654135	0.05357142857142857	0.5	0.15384615384615385	0.5	0.0	0.0	0.0	0.0	0.0	0.0	0.15	0.0	1
1.0	0.1529323308270677	0.02089285714285714	0.0	0.9230769230769231	0.875	0.0043859649122807015	0.0	0.0	0.0	0.0	0.5	0.12	1.0E-5	1
1.0	0.6353383458646616	0.44642857142857145	0.5	0.23076923076923078	0.875	0.2807017543859649	1.0	0.0	0.0	1.0	0.5	0.012	0.02028	2
0.0	0.22180451127819548	0.10857142857142857	0.0	1.0	0.875	0.08912280701754387	1.0	1.0	0.014925373134328358	0.0	0.5	0.035	0.0	2
1.0	0.27563909774436085	0.14285714285714285	0.5	0.46153846153846156	0.375	0.08771929824561403	1.0	0.0	0.0	1.0	0.5	0.18	0.0	2
1.0	0.11157894736842108	0.03125	0.0	0.5384615384615384	0.875	0.008771929824561403	0.0	0.0	0.0	0.0	0.5	0.14	0.00204	1
1.0	0.3070676691729324	0.3275	0.5	0.5384615384615384	0.375	0.15789473684210525	1.0	1.0	0.1791044776119403	1.0	0.5	0.0	0.00221	2
1.0	0.44360902255639095	0.9003571428571429	0.5	0.7692307692307693	0.875	0.007368421052631579	1.0	1.0	0.014925373134328358	0.0	0.5	0.38	9.0E-4	1
0.0	0.3684210526315789	0.21428571428571427	0.5	0.23076923076923078	0.375	0.03508771929824561	1.0	0.0	0.0	1.0	0.5	0.0	0.0	2
1.0	0.35593984962406017	0.07285714285714286	0.5	0.6153846153846154	0.375	0.0014035087719298247	1.0	0.0	0.0	1.0	0.5	0.2	0.058	2
1.0	0.24180451127819547	0.07285714285714286	0.0	1.0	0.875	0.0014035087719298247	0.0	0.0	0.0	0.0	0.5	0.064	1.0E-5	1
1.0	0.3545864661654135	0.09517857142857143	0.5	0.9230769230769231	0.375	0.005789473684210527	0.0	0.0	0.0	1.0	0.5	0.0	0.00501	1
1.0	0.2643609022556391	0.6964285714285714	0.5	0.5384615384615384	0.375	0.24561403508771928	1.0	1.0	0.23880597014925373	0.0	0.5	0.0	0.05	2
1.0	0.3357894736842105	0.09071428571428572	0.5	0.0	0.0	0.0	0.0	0.0	0.0	0.0	0.5	0.0	0.01	1
1.0	0.10150375939849623	0.08625000000000001	0.5	0.5384615384615384	0.375	0.07017543859649122	1.0	1.0	0.16417910447761194	1.0	0.5	0.1	0.03	2
1.0	0.5025563909774436	0.20839285714285713	0.5	0.6153846153846154	0.375	0.19298245614035087	0.0	0.0	0.0	0.0	0.5	0.2325	0.0015	1
1.0	0.12406015037593984	0.27982142857142855	0.0	0.15384615384615385	0.5	0.005789473684210527	0.0	0.0	0.0	1.0	0.5	0.092	0.0	1
1.0	0.10150375939849623	0.35714285714285715	0.0	0.5384615384615384	0.375	0.08771929824561403	1.0	0.0	0.0	0.0	0.0	0.02	0.0	2
1.0	0.31834586466165415	0.08928571428571429	0.5	0.6153846153846154	0.375	0.0	1.0	0.0	0.0	1.0	0.5	0.1195	0.0020	2
1.0	0.15533834586466164	0.03125	0.5	0.46153846153846156	0.375	0.0029824561403508773	0.0	1.0	0.05970149253731343	0.0	0.5	0.127	0.0195	1
1.0	0.3545864661654135	0.23214285714285715	0.5	0.46153846153846156	0.875	0.14912280701754385	1.0	1.0	0.1791044776119403	1.0	0.5	0.0465	0.0	2
0.0	0.10526315789473684	0.3407142857142857	0.5	0.15384615384615385	0.375	0.0014035087719298247	0.0	0.0	0.0	0.0	0.5	0.1	0.01	1
1.0	0.3446616541353384	0.11607142857142858	0.5	0.7692307692307693	0.875	0.3157894736842105	1.0	0.0	0.0	1.0	0.5	0.051	0.00639	2
1.0	0.13278195488721803	0.35857142857142854	0.5	1.0	0.375	0.0014035087719298247	1.0	1.0	0.13432835820895522	0.0	0.5	0.03	0.00396	2
0.0	0.1980451127819549	0.48214285714285715	0.5	0.7692307692307693	0.875	0.17543859649122806	1.0	1.0	0.029850746268656716	0.0	0.5	0.0	0.05	2
0.0	0.49503759398496244	0.016428571428571428	0.5	0.9230769230769231	0.875	0.01456140350877193	1.0	1.0	0.16417910447761194	1.0	0.5	0.22	6.0E-5	2
0.0	0.5777443609022557	0.0	0.0	0.0	0.0	0.0	0.0	0.0	0.0	0.0	0.5	0.0	0.0	1
1.0	0.3822556390977444	0.08928571428571429	0.0	0.15384615384615385	0.875	0.3508771929824561	0.0	0.0	0.0	1.0	0.0	0.1	0.0	1
1.0	0.3822556390977444	0.05803571428571429	0.5	0.5384615384615384	0.375	0.05263157894736842	1.0	1.0	0.14925373134328357	0.0	0.5	0.093	0.047	2
0.0	0.20932330827067672	0.07285714285714286	0.5	0.6153846153846154	0.375	0.008771929824561403	0.0	0.0	0.0	1.0	0.5	0.09	5.0E-4	1
1.0	0.08150375939849627	0.3392857142857143	0.5	0.6153846153846154	0.375	0.05263157894736842	1.0	0.0	0.0	0.0	0.5	0.06	0.02206	2
1.0	0.38721804511278196	0.15178571428571427	0.5	0.5384615384615384	0.5	0.22807017543859648	1.0	1.0	0.23880597014925373	0.0	0.5	0.0585	0.0121	2
1.0	0.34090225563909776	0.026785714285714284	0.0	0.07692307692307693	0.375	0.020526315789473684	0.0	0.0	0.0	0.0	0.5	0.12	3.0E-5	1
1.0	0.1867669172932331	0.008928571428571428	0.5	0.15384615384615385	0.5	0.0	1.0	0.0	0.0	1.0	0.5	0.0	0.0	2
1.0	0.386015037593985	0.06107142857142857	0.0	0.46153846153846156	0.375	0.005789473684210527	0.0	0.0	0.0	0.0	0.0	0.2	0.0	1
1.0	0.423609022556391	0.015	0.5	0.5384615384615384	0.875	0.007368421052631579	1.0	1.0	0.08955223880597014	0.0	0.5	0.11	0.00948	2
1.0	0.11398496240601501	0.26785714285714285	0.5	0.38461538461538464	0.375	0.04964912280701755	1.0	1.0	0.014925373134328358	0.0	0.5	0.04	0.098	2
0.0	0.095187969924812	0.044642857142857144	0.5	0.5384615384615384	0.375	0.0	0.0	0.0	0.0	0.0	0.5	0.0	0.0	1
0.0	0.20796992481203005	0.10714285714285714	0.5	0.46153846153846156	0.375	0.09789473684210527	0.0	1.0	0.014925373134328358	1.0	0.5	0.14	1.0E-4	1
1.0	0.11774436090225561	0.028214285714285716	0.0	0.9230769230769231	0.375	0.023333333333333334	0.0	0.0	0.0	0.0	0.5	0.08	0.0	1
1.0	0.21804511278195488	0.18303571428571427	0.5	1.0	0.375	0.16666666666666666	1.0	1.0	0.029850746268656716	0.0	0.5	0.21	7.0E-5	2
1.0	0.1980451127819549	0.08035714285714286	0.5	0.15384615384615385	0.5	0.017543859649122806	0.0	0.0	0.0	1.0	0.5	0.32	0.04	1
0.0	0.07022556390977445	0.33035714285714285	0.5	0.7692307692307693	0.375	0.04245614035087719	1.0	1.0	0.05970149253731343	0.0	0.5	0.03	0.0054	2
0.0	0.14285714285714285	0.20982142857142858	0.5	0.7692307692307693	0.375	0.11122807017543859	1.0	1.0	0.14925373134328357	0.0	0.5	0.06	0.00245	2
1.0	0.14781954887218043	0.06392857142857143	0.5	0.5384615384615384	0.375	0.018947368421052633	0.0	0.0	0.0	1.0	0.5	0.068	1.0E-5	1
1.0	0.21924812030075186	0.17857142857142858	0.5	0.6153846153846154	0.375	0.38596491228070173	1.0	0.0	0.0	1.0	0.5	0.035	0.0	2
1.0	0.1792481203007519	0.07892857142857143	0.0	0.38461538461538464	0.375	0.14035087719298245	1.0	0.0	0.0	0.0	0.5	0.094	0.0	1
0.0	0.22300751879699246	0.05946428571428571	0.5	0.7692307692307693	0.375	0.08473684210526317	1.0	0.0	0.0	1.0	0.5	0.22	0.0	1
1.0	0.1378947368421053	0.11303571428571428	0.0	0.5384615384615384	0.375	0.005789473684210527	0.0	0.0	0.0	0.0	0.5	0.08	0.01058	1
0.0	0.16165413533834586	0.037142857142857144	0.0	0.0	0.0	0.017543859649122806	1.0	1.0	0.04477611940298507	0.0	0.5	0.09	0.00147	1
1.0	0.16541353383458646	0.019285714285714288	0.5	0.46153846153846156	0.375	0.03508771929824561	0.0	0.0	0.0	1.0	0.5	0.06	1.0E-5	1
1.0	0.2744360902255639	0.0625	0.0	0.6923076923076923	0.875	0.0014035087719298247	1.0	0.0	0.0	1.0	0.5	0.1965	0.0	2
1.0	0.5162406015037594	0.13392857142857142	0.5	0.15384615384615385	0.5	0.03508771929824561	0.0	0.0	0.0	0.0	0.5	0.05	2.0E-5	1
0.0	0.22060150375939852	0.125	0.5	0.6153846153846154	0.375	0.029298245614035087	1.0	0.0	0.0	0.0	0.0	0.14	0.0	2
1.0	0.1754887218045113	0.019285714285714288	0.5	0.6153846153846154	0.375	0.005789473684210527	0.0	1.0	0.014925373134328358	0.0	0.5	0.136	0.00444	1
1.0	0.0726315789473684	0.3675	0.5	0.0	0.0	0.01456140350877193	0.0	0.0	0.0	0.0	0.5	0.04	0.0	1
1.0	0.11909774436090229	0.041607142857142856	0.0	0.23076923076923078	0.375	0.08771929824561403	1.0	1.0	0.014925373134328358	0.0	0.5	0.09	2.0E-4	1
1.0	0.16285714285714284	0.044642857142857144	0.5	0.5384615384615384	0.375	0.008771929824561403	0.0	0.0	0.0	0.0	0.5	0.055	0.0	1
1.0	0.03879699248120298	0.14589285714285713	0.5	0.15384615384615385	0.875	0.01456140350877193	0.0	0.0	0.0	1.0	0.5	0.06	0.0	1
1.0	0.19548872180451127	0.07142857142857142	0.5	0.07692307692307693	0.375	0.02631578947368421	0.0	0.0	0.0	1.0	0.5	0.04	0.0	1
1.0	0.517593984962406	0.125	0.5	0.38461538461538464	0.375	0.12280701754385964	1.0	0.0	0.0	0.0	0.0	0.115	0.0	2
1.0	0.14661654135338345	0.09821428571428571	0.5	0.0	0.0	0.15789473684210525	0.0	0.0	0.0	0.0	0.5	0.08	2.5E-4	1
0.0	0.40977443609022557	0.07285714285714286	0.0	0.7692307692307693	0.875	0.0043859649122807015	1.0	1.0	0.34328358208955223	1.0	0.5	0.2275	0.01236	2
1.0	0.3221052631578948	0.8973214285714286	0.5	1.0	0.875	0.05701754385964912	1.0	1.0	0.014925373134328358	1.0	0.5	0.2575	0.0050	2
1.0	0.15037593984962405	0.42857142857142855	0.5	0.5384615384615384	0.375	0.0731578947368421	0.0	0.0	0.0	0.0	0.0	0.04	0.0	1
1.0	0.07398496240601507	0.17857142857142858	0.5	0.7692307692307693	0.375	0.013157894736842105	1.0	1.0	0.029850746268656716	0.0	0.5	0.0	3.8E-4	1
1.0	0.24932330827067667	0.017857142857142856	0.5	0.07692307692307693	0.875	0.0029824561403508773	0.0	0.0	0.0	1.0	0.0	0.126	0.0	1
0.0	0.09022556390977443	0.026785714285714284	0.5	0.5384615384615384	0.375	0.027894736842105264	1.0	1.0	0.07462686567164178	1.0	0.5	0.07	5.0E-5	1
1.0	0.1867669172932331	0.02982142857142857	0.5	0.9230769230769231	0.375	0.040877192982456144	0.0	0.0	0.0	0.0	0.5	0.05	0.0	1
1.0	0.22556390977443608	0.05357142857142857	0.0	0.5384615384615384	0.375	0.05263157894736842	1.0	0.0	0.0	1.0	0.5	0.0	0.00225	1
1.0	0.22436090225563912	0.33339285714285716	0.5	0.7692307692307693	0.875	0.1987719298245614	1.0	1.0	0.08955223880597014	0.0	0.5	0.1905	0.00168	2
1.0	0.18421052631578946	0.03571428571428571	0.5	0.7692307692307693	0.375	0.06140350877192982	1.0	0.0	0.0	1.0	0.5	0.14	0.0	2
1.0	0.14661654135338345	0.11303571428571428	0.0	0.23076923076923078	0.375	0.01456140350877193	0.0	1.0	0.014925373134328358	1.0	0.5	0.14	8.0E-4	1
1.0	0.18917293233082705	0.4642857142857143	0.5	0.6923076923076923	0.125	0.0	0.0	0.0	0.0	1.0	0.5	0.07	0.0111	1
1.0	0.6102255639097744	0.24107142857142858	0.5	0.5384615384615384	0.875	0.09210526315789473	1.0	1.0	0.16417910447761194	1.0	0.5	0.0	0.00284	2
1.0	0.2679699248120301	0.013392857142857142	0.5	0.07692307692307693	0.375	0.03070175438596491	1.0	0.0	0.0	1.0	0.0	0.464	0.0	1
0.0	0.17293233082706766	0.44642857142857145	0.5	0.07692307692307693	0.375	0.03508771929824561	0.0	0.0	0.0	1.0	0.5	0.09	0.01062	1
1.0	0.29203007518797	0.11303571428571428	0.0	1.0	0.375	0.11105263157894738	1.0	1.0	0.04477611940298507	1.0	0.5	0.19	0.0	2
1.0	0.38721804511278196	0.05803571428571429	0.5	0.5384615384615384	0.375	0.05263157894736842	0.0	0.0	0.0	0.0	0.5	0.0	0.00316	1
0.0	0.05894736842105266	0.0	0.0	0.3076923076923077	0.0	0.0	0.0	0.0	0.0	0.0	0.5	0.043	0.0	1
1.0	0.1529323308270677	0.02375	0.5	0.5384615384615384	0.375	0.005789473684210527	0.0	0.0	0.0	0.0	0.5	0.05	0.0	2
1.0	0.1942857142857143	0.09678571428571428	0.0	0.9230769230769231	0.375	0.18421052631578946	1.0	1.0	0.014925373134328358	0.0	0.5	0.1055	0.0	2
0.0	0.13157894736842105	0.01482142857142857	0.5	0.15384615384615385	0.375	0.011754385964912281	0.0	0.0	0.0	1.0	0.0	0.072	0.0	1
1.0	0.3935338345864662	0.019285714285714288	0.0	0.38461538461538464	0.375	0.017543859649122806	1.0	1.0	0.04477611940298507	0.0	0.5	0.1	0.01	2
0.0	0.18541353383458645	0.3094642857142857	0.5	0.38461538461538464	0.375	0.04964912280701755	1.0	0.0	0.0	0.0	0.5	0.08	0.0015	2
1.0	0.09398496240601503	0.0	0.5	0.07692307692307693	0.375	0.017543859649122806	0.0	0.0	0.0	0.0	0.5	0.072	0.0	1
1.0	0.2679699248120301	0.14285714285714285	0.0	0.15384615384615385	0.375	0.0029824561403508773	0.0	0.0	0.0	1.0	0.5	0.2055	0.0	1
1.0	0.19548872180451127	0.16071428571428573	0.0	0.5384615384615384	0.5	0.08771929824561403	0.0	0.0	0.0	0.0	0.5	0.1	0.0121	1
0.0	0.1679699248120301	0.044642857142857144	0.5	0.0	0.0	0.0	1.0	0.0	0.0	0.0	0.5	0.04	0.0	1
0.0	0.2781954887218045	0.05357142857142857	0.5	0.5384615384615384	0.375	0.008771929824561403	0.0	0.0	0.0	1.0	0.5	0.186	0.00122	1
1.0	0.05894736842105266	0.15928571428571428	0.5	0.5384615384615384	0.375	0.008771929824561403	0.0	0.0	0.0	0.0	0.0	0.04	0.0	1
0.0	0.3609022556390977	0.19642857142857142	0.5	0.7692307692307693	0.375	0.0043859649122807015	1.0	0.0	0.0	1.0	0.5	0.114	0.0	2
1.0	0.1341353383458647	0.09071428571428572	0.0	0.5384615384615384	0.875	0.09070175438596491	1.0	0.0	0.0	0.0	0.5	0.0	0.0	2
0.0	0.06270676691729325	0.36464285714285716	0.5	0.0	0.0	0.0	0.0	0.0	0.0	0.0	0.5	0.0	5.0E-4	1
1.0	0.1604511278195489	0.4405357142857143	0.5	0.7692307692307693	0.875	0.055614035087719296	1.0	0.0	0.0	1.0	0.5	0.06	0.0	2
0.0	0.18045112781954886	0.017857142857142856	0.5	0.5384615384615384	0.875	0.03070175438596491	1.0	0.0	0.0	1.0	0.5	0.2455	0.0	2
1.0	0.1867669172932331	0.44642857142857145	0.0	0.23076923076923078	0.875	0.043859649122807015	0.0	0.0	0.0	1.0	0.5	0.0	1.7E-4	1
0.0	0.13533834586466165	0.22017857142857142	0.5	0.38461538461538464	0.375	0.005789473684210527	0.0	0.0	0.0	0.0	0.5	0.11	0.01	1
1.0	0.13909774436090225	0.026785714285714284	0.5	0.46153846153846156	0.375	0.017543859649122806	1.0	0.0	0.0	1.0	0.0	0.16	0.0	1
1.0	0.1792481203007519	0.010357142857142856	0.0	0.5384615384615384	0.375	0.05263157894736842	0.0	0.0	0.0	1.0	0.5	0.08	0.0	1
1.0	0.5237593984962405	0.007321428571428571	0.0	0.23076923076923078	0.375	0.008771929824561403	1.0	1.0	0.16417910447761194	0.0	0.5	0.19	0.02732	2
1.0	0.11157894736842108	0.0	0.5	0.5384615384615384	0.375	0.017543859649122806	0.0	0.0	0.0	1.0	0.0	0.0	0.0	1
1.0	0.3233082706766917	0.5892857142857143	0.0	0.5384615384615384	0.375	0.14035087719298245	1.0	0.0	0.0	0.0	0.5	0.04	0.0	1
0.0	0.1378947368421053	0.41375	0.5	0.9230769230769231	0.375	0.0014035087719298247	1.0	0.0	0.0	0.0	0.5	0.04	0.01349	2
0.0	0.517593984962406	0.047678571428571424	0.5	0.15384615384615385	0.75	0.011754385964912281	0.0	0.0	0.0	0.0	0.5	0.0	0.0012	1
1.0	0.4398496240601504	0.010357142857142856	0.0	0.9230769230769231	0.875	0.06140350877192982	1.0	1.0	0.11940298507462686	0.0	0.5	0.05	0.00375	2
1.0	0.2679699248120301	0.375	0.5	1.0	0.375	0.22807017543859648	1.0	0.0	0.0	0.0	0.5	0.0	0.0	2
1.0	0.10406015037593988	0.01482142857142857	0.5	0.5384615384615384	0.375	0.0043859649122807015	0.0	0.0	0.0	0.0	0.5	0.0	4.4E-4	1
0.0	0.076390977443609	0.3407142857142857	0.5	0.38461538461538464	0.375	0.0029824561403508773	1.0	0.0	0.0	0.0	0.5	0.05	0.0	2
0.0	0.20556390977443612	0.5178571428571429	0.5	1.0	0.875	0.10824561403508771	1.0	1.0	0.014925373134328358	0.0	0.5	0.06	1.1E-4	2
1.0	0.40977443609022557	0.0014285714285714286	0.5	0.6923076923076923	0.375	0.0014035087719298247	0.0	1.0	0.014925373134328358	0.0	0.0	0.28	0.0	2
