   numel numnp nmat nmode   This is the patch test 
        8   15    1    0 
 matl no., E modulus, Poisson Ratio, and density 
  0  3000000.0000    0.2900 2770.0000
 el no., connectivity, matl no 
   0         0         1         2         3         4         5         0
   1         0         2         6         3         5         7         0
   2         2         1         8         5         4         9         0
   3         2         8         6         5         9         7         0
   4         3         4         5        10        11        12         0
   5         3         5         7        10        12        13         0
   6         5         4         9        12        11        14         0
   7         5         9         7        12        14        13         0
node no., coordinates 
0    2.8300    0.2000   -3.1000 
1   -1.2000    3.7000   -4.3000 
2    0.5000   -1.1000   -2.9000 
3    6.4000    1.0000    0.1000 
4   -1.4000    3.7000    0.0100 
5    1.1000    0.4000    1.3000 
6    0.8000   -5.7000   -5.7000 
7   -0.3000   -4.1000   -1.1000 
8   -4.8000    1.1000   -3.2000 
9   -4.5000    0.6000    1.2000 
10    3.8000    0.6500    3.9000 
11    0.6500    3.3000    5.4000 
12    1.2000    0.4100    4.2000 
13    0.3000   -7.6000    5.4000 
14   -4.5000    1.1000    5.8000 
prescribed displacement x: node  disp value
   0  -6.461000e-02
   1  -2.419000e-01
   2  -1.540000e-02
   3  -1.870000e-02
   4  -1.519900e-01
   6   1.107000e-01
   7   1.400000e-01
   8  -1.256000e-01
   9  -1.230000e-02
  10   6.730000e-02
  11  -1.665000e-02
  12   7.540000e-02
  13   4.183000e-01
  14   6.430000e-02
 -10
 prescribed displacement y: node  disp value
   0  -1.436300e-01
   1  -2.113000e-01
   2  -8.500000e-02
   3  -8.690000e-02
   4  -5.825000e-02
   6  -9.430000e-02
   7   4.680000e-02
   8  -8.120000e-02
   9   7.950000e-02
  10   8.170000e-02
  11   1.158500e-01
  12   1.256000e-01
  13   3.377000e-01
  14   2.305000e-01
 -10
 prescribed displacement z: node  disp value
   0   2.063300e-01
   1   1.890000e-01
   2   6.250000e-02
   3   2.927000e-01
   4   6.443000e-02
   6  -1.400000e-03
   7  -1.179000e-01
   8  -7.410000e-02
   9  -1.971000e-01
  10   7.195000e-02
  11  -1.025000e-02
  12  -5.067000e-02
  13  -3.843000e-01
  14  -3.048000e-01
 -10
 node with point load and load vector in x,y,z
 -10
 element and gauss pt. with stress and stress vector in xx,yy,zz,xy,zx,yz
 -10 


 Note: Remove the prescribed displacements for node 7.
   5   1.460000e-02
   5   2.540000e-02
   5   2.320000e-02
