4883	
	1.810845463	1.815719044	1.811064294	1.806402905	1.855341476
	1.815576271	1.825170243	1.829986718	1.830107766	1.834843433
	1.820436696	1.820869403	1.825220602	1.835038099	1.844852492
	1.851272053	1.850039276	1.840526757	1.839811399	1.845662965
	1.739823857	1.748111483	1.749816771	1.744870616	1.74159772
	1.708097759	1.736483922	1.724342254	1.712143483	1.717676186
	1.713614574	1.723082496	1.729563136	1.718999582	1.734749409
	1.728364935	1.732767535	1.701045474	1.706561401	1.702531454
	1.696823149	1.695269189	1.691058261	1.685141272	1.689235675
	1.679160603	1.673017587	1.677299867	1.683242967	1.759579847
	1.753144259	1.758270919	1.754743628	1.797146784	1.792537805
	1.787888488	1.792278421	1.769151592	1.773895749	1.76440518
	1.763191426	1.768587413	1.778572708	1.773400439	1.801786982
	1.796955981	1.801534239	1.806108393	1.805745467	1.810452986
	1.810872493	1.815618044	1.846634401	1.866507612	1.862347102
	1.856699526	1.860836577	1.853396297	1.857813949	1.852351544
	1.820903024	1.816028655	1.830095028	1.825549418	1.830866584
	1.835528835	1.826024129	1.841107582	1.847576091	1.842953498
	1.83643104	1.756484587	1.753492344	1.744693486	1.738190725
	1.738946255	1.734403562	1.745451696	1.751227462	1.734970493
	1.878637831	1.868197837	1.872440877	1.876275107	1.882837625
	1.891739005	1.892172877	1.885202535	1.90791039	1.899348577
	1.899695497	1.664907979	1.666803732	1.660416553	1.671078076
	1.651622505	1.647302358	1.65843896	1.653951198	1.710579688
	1.705047559	1.716174639	1.709198843	1.730469005	1.721728576
	1.729105553	1.719655931	1.726098297	1.723986342	1.714865789
	1.699465128	1.703590035	1.697646477	1.693418389	1.691515292
	1.687304428	1.685768251	1.681348826	1.669150314	1.673770176
	1.675328819	1.679737268	1.767277387	1.766292788	1.758807324
	1.761712668	1.796442721	1.791284833	1.786563778	1.791883343
	1.783257545	1.787560567	1.778145486	1.782361097	1.772770538
	1.776966953	1.77191955	1.80106002	1.795871226	1.800996459
	1.806029813	1.820941175	1.811003852	1.805785289	1.811373546
	1.849129241	1.856576495	1.854184763	1.87122777	1.861751335
	1.86351406	1.858891316	1.831243163	1.837482375	1.829396782
	1.821458778	1.843929356	1.851014824	1.835469179	1.843007861
	1.747612709	1.763336511	1.758048898	1.755726048	1.752380541
	1.733572287	1.7394736	1.738139307	1.744184358	1.727153613
	1.727617232	1.72242773	1.732141803	1.87945049	1.884126994
	1.888364348	1.869137835	1.917085714	1.92083026	1.898057027
	1.927542397	1.907612315	1.909693425	1.893615103	1.96414917
	1.931929495	1.940171243	1.904334754	1.667513892	1.656079047
	1.662900368	1.660520582	1.633639256	1.637768051	1.644882554
	1.640567807	1.623726361	1.630738406	1.626617257	1.619390166
	1.642045764	1.647110923	1.649166827	1.65359971	1.61206156
	1.604516436	1.609078913	1.616394023	1.707686966	1.706087348
	1.71244737	1.701718566	1.717202558	1.715338497	1.72190148
	1.710827766	1.695703807	1.694488251	1.700054739	1.68994049
	1.67814127	1.684120152	1.682892681	1.688652779	1.669638722
	1.676840054	1.672098682	1.665096104	1.795511514	1.790992242
	1.785831475	1.784684043	1.765755581	1.770900412	1.790512696
	1.781197958	1.774772244	1.776125065	1.780116078	1.795942311
	1.79996574	1.806030041	1.800576896	1.819200017	1.811568055
	1.81110532	1.805303584	1.862460475	1.85836162	1.872436383
	1.849860883	1.827079369	1.82504043	1.818719478	1.834207979
	1.841533496	1.831841456	1.853429655	1.842377207	1.769486647
	1.742806071	1.748901408	1.759249107	1.747576682	1.754613882
	1.760334052	1.753465835	1.764820367	1.736657822	1.741370964
	1.731635949	1.735592288	1.726586589	1.724641808	1.719984135
	1.730498778	1.888099281	1.877062678	1.887078273	1.898820882
	1.917539241	1.949623131	1.999038429	1.937077643	1.92292186
	1.962838361	  2	1.896247197	1.925461963	1.906364443
	1.909867843	1.970860692	1.975842878	1.998076857	1.994606057
	1.593308309	1.588977862	1.601424291	1.596861332	1.656259383
	1.657998451	1.662527581	1.651501528	1.627805708	1.632248422
	1.639893764	1.634825555	1.625129288	1.620691321	1.61804478
	1.613372449	1.64180208	1.637283147	1.644926281	1.649678684
	1.597835463	1.605951046	1.610623311	1.602263124	1.717922344
	1.704381772	1.708858735	1.698794486	1.703478137	1.713310137
	1.70790338	1.711678776	1.693158005	1.692266512	1.687381947
	1.697821645	1.674333722	1.68155021	1.67898417	1.686420133
	1.665601781	1.671649396	1.667018762	1.660739384	1.774183816
	1.780219924	1.784861976	1.786456037	1.791177299	1.795019783
	1.778638692	1.804371373	1.798812103	1.790058709	1.795974889
	1.807648051	1.809978235	1.815878183	1.801370424	1.866032519
	1.874801848	1.853979008	1.862231417	1.82403784	1.813341523
	1.821812261	1.831808654	1.840896318	1.849671708	1.842186828
	1.834038704	1.769163117	1.775246829	1.763548226	1.767748048
	1.746076528	1.752018985	1.740244447	1.746318124	1.757974472
	1.752307492	1.762142523	1.728461086	1.733260595	1.73437328
	1.740402571	1.716220586	1.727257678	1.717125183	1.722506066
	1.878201639	1.883500597	1.892313936	1.869956889	1.91923214
	1.940699928	1.950249573	1.931896893	1.900308699	1.911546168
	1.892537873	1.885452289	1.95621339	1.984798318	1.991135257
	1.974993149	1.966452058	1.949782187	1.938203355	1.97846138
	1.969381042	1.961669743	1.961505154	1.572732348	1.577298623
	1.585303214	1.580975495	1.560212353	1.55573552	1.564360827
	1.568928722	1.5862556	1.581586634	1.594018048	1.589593519
	1.654390045	1.646504587	1.651104885	1.659243707	1.634037054
	1.629526865	1.627186558	1.622437264	1.606892568	1.612870393
	1.620001416	1.615253644	1.643088744	1.638501452	1.636474447
	1.631643973	1.604396885	1.590633821	1.595361494	1.598398676
	1.709878565	1.702455509	1.710712571	1.703478034	1.699839988
	1.696879496	1.706193808	1.704244873	1.691256117	1.676237322
	1.670174798	1.675135934	1.694174391	1.682796046	1.683796832
	1.664050962	1.655897759	1.668999208	1.660571053	1.798952569
	1.781383472	1.779377041	1.773874325	1.787120704	1.792888238
	1.784907196	1.7914767	1.798323201	1.79735227	1.815418853
	1.805038888	1.864497664	1.854596525	1.85703996	1.847849893
	1.826029946	1.819565908	1.832552356	1.808184083	1.845304637
	1.825501115	1.838907033	1.830290066	1.739239832	1.764192116
	1.77137327	1.766077223	1.757708516	1.746441052	1.759123327
	1.756209769	1.739408244	1.747940164	1.73197566	1.711449131
	1.721765787	1.732032063	1.703378978	1.713544062	1.723975449
	1.871468096	1.861215936	1.878064848	1.862525873	1.911025203
	1.921551185	1.902017284	1.933076138	1.867811954	1.883739601
	1.874190928	1.892428876	1.921077018	1.922632555	1.944365995
	1.9428246	1.960300703	1.935280245	1.953170917	1.948505788
	1.942805074	1.944756171	1.923761269	1.931637489	1.922237432
	1.936710873	1.920533456	1.542672666	1.551446229	1.53794029
	1.546971681	1.578130633	1.564743773	1.569295143	1.573459326
	1.547106221	1.55192103	1.56042956	1.555880892	1.573921526
	1.578571975	1.587487473	1.582757597	1.647623456	1.652278079
	1.644581768	1.640999667	1.617568493	1.620613565	1.624701288
	1.629528259	1.601329352	1.613362916	1.61034324	1.606121365
	1.634299845	1.637859277	1.629969619	1.625378985	1.596958097
	1.589398137	1.583246281	1.592165564	1.705378215	1.695210873
	1.697018086	1.685555091	1.689149554	1.69132201	1.68807812
	1.696189679	1.673894504	1.66544452	1.670177778	1.677422178
	1.649158726	1.656871736	1.653827491	1.661578956	1.789697835
	1.776649758	1.783135824	1.782640314	1.776159611	1.790410434
	1.769491178	1.801366763	1.782717369	1.786490083	1.790476654
	1.83568826	1.851292438	1.852494233	1.84106824	1.825398808
	1.804094044	1.81250249	1.814020074	1.807656421	1.820483037
	1.816918841	1.79723208	1.768410746	1.761824462	1.752617187
	1.756801929	1.758223406	1.7411819	1.731938742	1.747716284
	1.742168018	1.750587613	1.732351136	1.723763929	1.74064997
	1.751703301	1.749306686	1.748902219	1.710044535	1.70145319
	1.71550949	1.724059471	1.845057066	1.841018655	1.858593293
	1.852514071	1.902204122	1.883171815	1.900158476	1.881885955
	1.864220131	1.85516004	1.865763062	1.850435102	1.890238517
	1.90309028	1.884254829	1.915045303	1.915125961	1.925386536
	1.89860474	1.901044349	1.906596345	1.88401643	1.904362301
	1.888209681	1.89065482	1.885606512	1.907763991	1.528759395
	1.533494313	1.524307784	1.519296278	1.534138208	1.543010798
	1.529008737	1.538191062	1.556422077	1.561342095	1.569576486
	1.564930361	1.538917015	1.552709986	1.544112241	1.547783564
	1.57088166	1.580347415	1.565931035	1.574164441	1.641344894
	1.633428407	1.638046715	1.645997185	1.630015503	1.594131505
	1.61631502	1.601689882	1.599251152	1.606699822	1.620896036
	1.609048385	1.625407305	1.619906471	1.611200354	1.582970913
	1.591599795	1.577038775	1.586473693	1.695727484	1.675349898
	1.684060234	1.687151084	1.680868847	1.673581671	1.686167375
	1.678382162	1.666214908	1.650572482	1.667924015	1.642606519
	1.658441069	1.651073716	1.659011255	1.778813596	1.775046406
	1.764754614	1.770498538	1.781967068	1.788526855	1.773484492
	1.778886786	1.829782984	1.811440442	1.818290582	1.83371285
	1.790504043	1.7958766	1.801456679	1.800240687	1.785265343
	1.806997707	1.795095673	1.754280789	1.759753872	1.744709378
	1.744292105	1.7290282	1.739050379	1.743410135	1.718518468
	1.738044915	1.732596677	1.723818373	1.734272435	1.734552108
	1.723959079	1.724421697	1.69467472	1.70424793	1.709431476
	1.699441352	1.689697464	1.836941577	1.814657466	1.824042178
	1.841480394	1.854262008	1.871902322	1.855706871	1.865869564
	1.844517159	1.82653896	1.845536771	1.827983985	1.874949056
	1.876927595	1.858359891	1.859485971	1.872076744	1.868168176
	1.855801613	1.851609869	1.847193294	1.869105967	1.842573665
	1.863397727	1.834154421	1.853850035	1.841685471	1.873545649
	1.811928049	1.822024208	1.847578511	1.499749113	1.504874209
	1.514691223	1.509671695	1.479239543	1.484216694	1.494790718
	1.489651923	1.509869427	1.515084987	1.524815652	1.519674849
	1.535118637	1.524183285	1.520196469	1.529910238	1.54898816
	1.554247199	1.562535961	1.557578307	1.545543223	1.529353181
	1.534249663	1.540269562	1.559143022	1.564444191	1.567423894
	1.573376072	1.63266317	1.634541843	1.624453815	1.643042299
	1.622517178	1.614247291	1.588022446	1.596651927	1.608235085
	1.599432267	1.605493172	1.579253667	1.570343889	1.575665416
	1.590747188	1.677294924	1.673484712	1.665790012	1.684991093
	1.660532281	1.6787221	1.669510461	1.645963552	1.656684559
	1.641103655	1.651443245	1.76505563	1.770349544	1.759110685
	1.749801702	1.802208625	1.775387735	1.780331319	1.768324011
	1.763982451	1.792933705	1.78280768	1.789175156	1.780074292
	1.776413064	1.772738821	1.784893767	1.743674799	1.66701954
	1.727637106	1.718384132	1.711263643	1.73455174	1.724115306
	1.71450867	1.708042193	1.703981732	1.704441341	1.703271339
	1.714185239	1.713587244	1.663071325	1.694278577	1.67125108
	1.672091082	1.693700142	1.683246478	1.682515177	1.809291331
	1.791300035	1.795673143	1.810736423	1.841330886	1.824608189
	1.842209698	1.822100646	1.793632927	1.793121429	1.804900224
	1.807125861	1.776535297	1.83956217	1.820736413	1.818905674
	1.835646352	1.81454636	1.826631659	1.83092419	1.814976174
	1.800191495	1.765006615	1.789701677	1.77570177	1.821416389
	1.810154022	1.816083348	1.809839744	1.78597041	1.802926548
	1.797042532	1.468637909	1.463016196	1.47362457	1.457702233
	1.489341666	1.505133735	1.494447801	1.499899085	1.467989705
	1.473417187	1.48370585	1.47858467	1.50483319	1.514310894
	1.499661962	1.510328082	1.451891618	1.446560748	1.440730586
	1.435064183	1.523146255	1.508750259	1.518233061	1.513983688
	1.556061937	1.544398211	1.550745993	1.539474371	1.52411665
	1.532935475	1.518844926	1.52799175	1.549651767	1.561291504
	1.554575584	1.566620082	1.63060362	1.621039319	1.616443345
	1.6354475	1.587127748	1.602059182	1.592410183	1.606731737
	1.571844248	1.577148488	1.568009092	1.559824773	1.555868294
	1.625839944	1.649807697	1.65810749	1.651072049	1.661816555
	1.640172184	1.638798499	1.623679348	1.752626785	1.736426581
	1.756829105	1.740346762	1.772098239	1.762903678	1.770012363
	1.754909646	1.760672362	1.752833439	1.750360795	1.76423674
	1.744049577	1.747356313	1.767330081	1.706623259	1.724015401
	1.710691036	1.720222395	1.701777134	1.701129827	1.688330127
	1.69698797	1.645553782	1.64581542	1.66202413	1.653822311
	1.70210484	1.681581351	1.680429499	1.69759361	1.684848406
	1.689075873	1.69288207	1.670162997	1.668904728	1.654008895
	1.745808253	1.766648858	1.780212778	1.779830554	1.766847686
	1.772380762	1.790262363	1.801896318	1.80045297	1.778648484
	1.765815303	1.78384552	1.740495195	1.753131383	1.753434326
	1.739643294	1.732279344	1.726696897	1.740311552	1.751422475
	1.713216235	1.798867944	1.798086812	1.778462235	1.781773828
	1.79190469	1.778645869	1.773276587	1.798737381	1.773378934
	1.765827688	1.759749375	1.761624584	1.784089978	1.748350696
	1.73755783	1.462653292	1.44606281	1.451864636	1.457201707
	1.484044065	1.49397809	1.47851873	1.488788368	1.473625418
	1.457310634	1.463228211	1.468070434	1.504372078	1.49480611
	1.499115829	1.489204708	1.440550389	1.434713722	1.423342864
	1.411242539	1.416508912	1.429034975	1.427666213	1.422222424
	1.500020028	1.505669108	1.514856866	1.509560702	1.525587841
	1.51656807	1.537795413	1.528992842	1.510906095	1.5200675
	1.542741609	1.547584585	1.530465988	1.546048269	1.536068287
	1.583195618	1.611286471	1.582328731	1.573236027	1.596959492
	1.597884118	1.609110587	1.56403918	1.554288981	1.544383514
	1.557820001	1.547890702	1.534320302	1.574105628	1.622090792
	1.596095546	1.606719052	1.595415184	1.60482206	1.637546686
	1.625166444	1.620185937	1.6372133	1.72747743	1.709989323
	1.712974711	1.730687777	1.719805901	1.717166994	1.737808672
	1.735905761	1.733477386	1.7156985	1.717914108	1.69535473
	1.699172273	1.675345562	1.684080017	1.685494033	1.692429165
	1.671530829	1.667161339	1.663887401	1.67543519	1.635598715
	1.623015667	1.637463243	1.650595799	1.624975766	1.66737245
	1.652513965	1.660146303	1.642929994	1.711098804	1.711527906
	1.727103534	1.726172183	1.740160404	1.739492505	1.752986549
	1.759723127	1.765414508	1.749377339	1.745477579	1.762396183
	1.713948923	1.726794814	1.727328242	1.711861057	1.680625555
	1.680866771	1.696002281	1.696501897	1.671909933	1.686120919
	1.656700117	1.700009639	1.697867718	1.712978525	1.72445322
	1.685504843	1.736586959	1.745685769	1.758462163	1.753413405
	1.725119662	1.730939346	1.74740441	1.718766738	1.708912439
	1.741705814	1.73491208	1.439056086	1.433519834	1.446357242
	1.452316285	1.484764999	1.468766689	1.47477378	1.479130323
	1.464279816	1.445024239	1.458227034	1.450645805	1.49601615
	1.480377023	1.486441063	1.490331954	1.398895421	1.386141661
	1.391785842	1.40418285	1.425995312	1.420411491	1.397103603
	1.402960518	1.414949757	1.408463671	1.414440886	1.409470654
	1.373114813	1.359648468	1.365078881	1.378791479	1.494804651
	1.507310162	1.492074942	1.501613038	1.518565158	1.512897809
	1.500425727	1.505876806	1.511436164	1.537810589	1.516774384
	1.52409919	1.572802524	1.56777827	1.584615942	1.583952652
	1.530453723	1.556257312	1.551215299	1.543615733	1.593967882
	1.586946703	1.578112184	1.573251292	1.602691932	1.607609762
	1.585152788	1.596178371	1.591679744	1.612315973	1.609750485
	1.6978897	1.701792297	1.670474645	1.683548033	1.688097017
	1.680277173	1.682201991	1.700077091	1.678261018	1.66813939
	1.652021061	1.665582492	1.663978229	1.665046583	1.652346837
	1.657948474	1.640907969	1.641137344	1.660388672	1.65521716
	1.643664434	1.652123772	1.593242416	1.603628812	1.60689947
	1.631682178	1.620249852	1.617057833	1.633431476	1.629773154
	1.614909834	1.629592464	1.618167538	1.696355683	1.681052225
	1.698584314	1.68434858	1.723966449	1.686042041	1.729694701
	1.725467894	1.712775221	1.732840483	1.706112003	1.709749795
	1.713260821	1.700037942	1.697180879	1.684959405	1.642391383
	1.648069962	1.653474949	1.665512041	1.669277928	1.627279314
	1.595614036	1.642905898	1.612876928	1.628154671	1.670551023
	1.657534109	1.642419663	1.666602629	1.682490288	1.692945042
	1.654974048	1.676638063	1.696758952	1.690182401	1.708859186
	1.684138942	1.714305269	1.702387152	1.331625979	1.345876927
	1.351337686	1.3374885	1.423698718	1.437221888	1.420036463
	1.431542016	1.456696356	1.476375653	1.470263981	1.462381183
	1.429381459	1.434923814	1.442842697	1.448595036	1.468475629
	1.48511832	1.474186557	1.482396681	1.384481759	1.376494334
	1.390386535	1.370816837	1.41199963	1.400299969	1.382456206
	1.388277073	1.40231829	1.394357503	1.408320687	1.396282605
	1.356836416	1.343034392	1.349201863	1.36256916	1.476794606
	1.48770173	1.493185063	1.482454304	1.487871042	1.498521505
	1.503881277	1.493421688	1.522558321	1.498695352	1.509062198
	1.504073858	1.514229043	1.565944216	1.538659877	1.561116373
	1.53582638	1.551313004	1.548569282	1.52760032	1.561266294
	1.575101695	1.570555951	1.555955546	1.579392003	1.589893343
	1.570513969	1.565580561	1.62478113	1.662390035	1.65115823
	1.638771057	1.645886824	1.629122871	1.638843952	1.619049608
	1.626750062	1.617860332	1.607856769	1.608287792	1.617792922
	1.622278525	1.609113119	1.629120211	1.600038423	1.58817682
	1.606265913	1.580800181	1.597734993	1.585229179	1.603327893
	1.672800253	1.656155139	1.671934047	1.65864891	1.671102171
	1.686677464	1.658733737	1.679025403	1.657282268	1.655555694
	1.665875798	1.669484264	1.693519423	1.681563955	1.653955023
	1.617028825	1.63024026	1.642834877	1.621755351	1.635416068
	1.613765206	1.640302609	1.581623329	1.563948758	1.53012612
	1.550141822	1.584078357	1.567371928	1.613179884	1.598253974
	1.626993986	1.598412323	1.639241332	1.61220532	1.658557192
	1.642517496	1.650447912	1.626007967	1.623873433	1.648945883
	1.635001674	1.665626935	1.496303483	1.460416523	1.480973651
	1.516746237	1.317029265	1.308259318	1.301902553	1.322939702
	1.328913512	1.335157056	1.321034217	1.314304431	1.415631069
	1.410000049	1.403958343	1.421240072	1.471466302	1.460049657
	1.454264132	1.426764764	1.440656726	1.446216316	1.432391756
	1.415589422	1.465725687	1.457453688	1.451953807	1.398204022
	1.374206537	1.355011931	1.361363102	1.368311929	1.367315394
	1.38610795	1.3920818	1.380079681	1.386468564	1.379873168
	1.373814517	1.33435336	1.341425859	1.347870529	1.327399254
	1.477070191	1.48271138	1.468491436	1.463112523	1.488186995
	1.479200994	1.493667436	1.474011424	1.565689381	1.546469474
	1.519182467	1.498951498	1.484515341	1.495926924	1.50913426
	1.506086448	1.530258427	1.541105119	1.517217487	1.530161208
	1.551564712	1.548505549	1.537336885	1.556542562	1.535343183
	1.532555931	1.561206229	1.600443043	1.597173081	1.597168874
	1.578434645	1.579346133	1.605767985	1.614425695	1.601868497
	1.58752137	1.578933149	1.596541178	1.578532288	1.572933524
	1.574945505	1.579499807	1.588716712	1.552722856	1.556055557
	1.563778756	1.569810233	1.611862532	1.631821615	1.635398271
	1.609532202	1.641898691	1.617491991	1.644954292	1.637975292
	1.624079201	1.612675475	1.621106885	1.581483722	1.602956925
	1.60024807	1.57902865	1.536008623	1.500884587	1.553340936
	1.519964946	1.589799616	1.575270973	1.58377695	1.536678496
	1.548794751	1.569442369	1.608575518	1.591250425	1.605257573
	1.562533695	1.582888799	1.56901708	1.577090286	1.571850552
	1.596965105	1.619112523	1.484932086	1.41044737	1.424529563
	1.45078665	1.386677021	1.445496144	1.430762295	1.465209128
	1.286377007	1.276389534	1.29280607	1.270254078	1.283031556
	1.289635926	1.306171693	1.299332506	1.303558395	1.320136628
	1.296674871	1.313053347	1.454314274	1.404237233	1.392587898
	1.421285705	1.399223122	1.448880386	1.437902182	1.434680249
	1.416310264	1.443465651	1.428332475	1.422789149	1.387486889
	1.371538156	1.380749599	1.365021183	1.374145986	1.340890403
	1.345098253	1.354299309	1.360900903	1.358278847	1.367445616
	1.35178165	1.310805628	1.327206657	1.317880817	1.331492348
	1.459566175	1.46479772	1.450813802	1.44005018	1.557498443
	1.469812495	1.48137462	1.466050976	1.455905807	1.52436859
	1.538809865	1.519234298	1.535372955	1.50371007	1.518843017
	1.492673096	1.49070853	1.505965504	1.516026537	1.477492061
	1.496944147	1.500763606	1.508186968	1.512906184	1.560881935
	1.559443112	1.561070097	1.560602908	1.536665079	1.53387668
	1.546412135	1.535753157	1.560084075	1.55875703	1.539812676
	1.541507434	1.556897425	1.549459363	1.545809507	1.522599575
	1.52505755	1.532379937	1.541842534	1.505646905	1.586874199
	1.576051469	1.59224605	1.56201081	1.553095722	1.59673605
	1.567008699	1.535179604	1.554779527	1.546411056	1.53145697
	1.52814236	1.469771981	1.503411655	1.5161284	1.486510386
	1.554984709	1.562775733	1.540952435	1.540435486	1.501061027
	1.505956293	1.518714227	1.518622194	1.498431577	1.521250108
	1.532236225	1.537443251	1.52758818	1.546126374	1.512128165
	1.452944404	1.373003273	1.309110548	1.334682293	1.348824479
	1.435694275	1.413039927	1.398615753	1.416452404	1.378773242
	1.395818057	1.358148067	1.253659094	1.243158227	1.236372137
	1.259877585	1.266262502	1.249680569	1.257022618	1.273016363
	1.286924554	1.27175577	1.264042877	1.279855195	1.27902162
	1.286940691	1.301273129	1.293998802	1.431098969	1.403981743
	1.41376475	1.42007647	1.416568212	1.400752458	1.394088065
	1.378271292	1.384698425	1.397566941	1.407245926	1.391311146
	1.368706647	1.350312676	1.362142404	1.355627363	1.348962626
	1.342945424	1.336144637	1.335765574	1.322251332	1.329463533
	1.342414381	1.315862314	1.302340596	1.294336189	1.308484292
	1.452088682	1.441780732	1.427434781	1.433882986	1.511728549
	1.507724034	1.491299292	1.489271784	1.510048837	1.431872207
	1.462044884	1.450066011	1.475413834	1.444044317	1.488247789
	1.492034318	1.491962458	1.50283654	1.48831572	1.477288446
	1.464788373	1.484681292	1.463312124	1.468789432	1.480719932
	1.53133495	1.527183675	1.522088099	1.516330673	1.495441815
	1.491672807	1.506747594	1.51165303	1.522449993	1.504352367
	1.497259924	1.508011097	1.494378133	1.515347319	1.512324946
	1.483553442	1.480601966	1.462083293	1.477273846	1.536699787
	1.494845065	1.491640077	1.515082577	1.526501386	1.515360297
	1.501815264	1.492986849	1.488462938	1.479801687	1.474043716
	1.483079681	1.449839606	1.42954766	1.468900241	1.51780713
	1.500439608	1.481182604	1.482907447	1.507495996	1.468883424
	1.463684628	1.470347668	1.496052161	1.46338905	1.410472663
	1.295347147	1.269396618	1.255558758	1.227930668	1.389591861
	1.375981183	1.358494625	1.375077822	1.344457606	1.280697312
	1.319921125	1.304244717	1.360993664	1.324541426	1.341168294
	1.206149881	1.225426508	1.199799087	1.218504516	1.255768166
	1.213553257	1.24015191	1.220689677	1.232594701	1.228662769
	1.247816296	1.236187156	1.271862914	1.26371213	1.244457402
	1.252180583	1.260557542	1.279921068	1.288137012	1.268376102
	1.396079025	1.419438723	1.41286657	1.400402031	1.365736094
	1.387601678	1.375080503	1.381456592	1.35693956	1.359387473
	1.383409712	1.341049982	1.276738848	1.330872044	1.309766893
	1.297927012	1.311411472	1.338331523	1.323118574	1.319224728
	1.29619858	1.32592469	1.42571067	1.402746915	1.398961905
	1.415723563	1.470700433	1.474103045	1.472659292	1.450315328
	1.449016147	1.475380382	1.459473413	1.470647972	1.451851911
	1.388733989	1.405564386	1.394944593	1.421781453	1.443352479
	1.411222962	1.425580263	1.437697572	1.461337726	1.44776968
	1.43543824	1.473480306	1.44862898	1.458808009	1.430881193
	1.464969868	1.475139932	1.501128191	1.493885702	1.490419126
	1.464159418	1.479076961	1.463418066	1.467903874	1.466710728
	1.48597782	1.445523542	1.443298847	1.42842009	1.432741187
	1.466399386	1.437014325	1.446684985	1.460994054	1.454605709
	1.431368055	1.449830064	1.42776641	1.370829613	1.405930622
	1.422712603	1.430200854	1.395213983	1.443942573	1.437692384
	1.412466078	1.344059431	1.322994489	1.359782664	1.344386194
	1.186464719	1.214455692	1.172537005	1.143360998	1.1996369
	1.240945368	1.265044907	1.223432099	1.308030448	1.327021354
	1.269183377	1.30672625	1.28763025	1.246580059	1.288733763
	1.18033649	1.186868547	1.167064494	1.159784269	1.174336531
	1.193795126	1.201255543	1.182703442	1.232732679	1.216658169
	1.190738035	1.199514649	1.207763224	1.224655186	1.208882498
	1.216770471	1.23384948	1.248856272	1.224934481	1.240704341
	1.250815323	1.242081837	1.278614456	1.256834336	1.379017876
	1.359332442	1.361518842	1.375413731	1.343382937	1.328662017
	1.3232779	1.341395385	1.280834164	1.272564612	1.306598917
	1.287932846	1.30813966	1.313382943	1.299594206	1.282718961
	1.355770402	1.362528599	1.378053335	1.356032559	1.371560984
	1.339930549	1.145777243	1.123623063	1.114897803	1.138145865
	1.410186745	1.417198411	1.426233452	1.429997027	1.448507932
	1.432883465	1.418608566	1.431262431	1.413719767	1.411167586
	1.440606172	1.447581059	1.401357831	1.398823359	1.384149752
	1.377839103	1.368788698	1.4128688	1.396314284	1.392269699
	1.41743732	1.417699081	1.400648718	1.421538753	1.395790549
	1.430724577	1.447176033	1.420919145	1.448723751	1.431651277
	1.448270181	1.419032466	1.420155123	1.41338722	1.391611521
	1.401994501	1.407241671	1.40447376	1.38044392	1.374438708
	1.312822792	1.307549243	1.32873395	1.3550275	1.338970477
	1.391170064	1.349249672	1.400604462	1.380598209	1.371220499
	1.359157032	1.086600688	1.100257278	1.0556346	1.129757964
	1.268436232	1.291843568	1.246680126	1.285656332	1.182124327
	1.115119638	1.141748969	1.157762921	1.187757398	1.165002254
	1.229142605	1.228125759	1.204961094	1.209911147	1.24989839
	1.181315895	1.154046376	1.162972072	1.163035091	1.13259103
	1.172036166	1.152616076	1.142859604	1.362473683	1.218123016
	1.202540155	1.192456517	1.18297443	1.172718975	1.199786857
	1.20888381	1.190488877	1.236106458	1.21631816	1.211828401
	1.227110571	1.253506473	1.233863658	1.225340737	1.244816271
	1.316689708	1.323868632	1.321356274	1.298325378	1.33926451
	1.302776131	1.287149088	1.282722278	1.255354346	1.250614439
	1.242506678	1.271337475	1.261890981	1.26675774	1.331023926
	1.324338195	1.346962081	1.337467961	1.340290734	1.343520281
	1.353227957	1.315050505	1.288500018	1.30112794	1.308174177
	1.121405702	1.086791303	1.065635825	1.099366208	1.109917886
	1.050996984	1.089816117	1.393948015	1.392103266	1.373782522
	1.377513189	1.396899706	1.402330192	1.41437476	1.403654066
	1.384547157	1.389032324	1.37534188	1.371015765	1.386190973
	1.347523827	1.315922685	1.353010507	1.331415752	1.324347639
	1.357396353	1.371296046	1.375568912	1.352533834	1.348837436
	1.374638842	1.379385378	1.357889353	1.352831577	1.36164734
	1.371111389	1.369444543	1.391702767	1.373274993	1.39027335
	1.392518384	1.38020845	1.352708532	1.371825577	1.300708588
	1.341055927	1.329533189	1.309633693	1.265781939	1.296650634
	1.276610319	1.307390198	1.253072497	1.28812835	1.316975532
	1.221807221	0.9649933328	0.9984925911	1.04227426	1.011011923
	1.192460455	1.099050196	1.071933029	1.028660752	1.055995439
	1.189019619	1.207209292	1.081854833	1.14862762	1.106950435
	1.124560608	1.147742996	1.169424852	1.128834142	1.160956209
	1.165367115	1.129745752	1.143801902	1.118141623	1.100033792
	1.15459049	1.132600831	1.333520962	1.31321316	1.329865766
	1.327741032	1.186243389	1.201094666	1.141178272	1.196346939
	1.167355951	1.175774518	1.15664142	1.231236025	1.214431104
	1.186180756	1.172595834	1.20561371	1.195167252	1.207386917
	1.22288494	1.262373379	1.266945782	1.235091186	1.215645974
	1.293696824	1.239207213	1.281307213	1.286961615	1.307350024
	1.295507614	1.321508713	1.268594241	1.260197374	1.249816974
	1.040049545	1.005145794	0.961914639	1.03049352	1.086868605
	1.066572983	  1	1.33861337	1.357313247	1.3608776
	1.335050734	1.335990946	1.379231579	1.349066258	1.366385969
	1.334239504	1.364406085	1.352832641	1.349312225	1.33394412
	1.334045364	1.35196252	1.269063695	1.295348897	1.262509111
	1.253210415	1.277766048	1.286911738	1.270870779	1.302429112
	1.27788322	1.283850999	1.30892739	1.312641131	1.331077298
	1.325805092	1.309520172	1.304678771	1.30978371	1.335797178
	1.344917259	1.353184239	1.318558891	1.334353576	1.325982224
	1.336136447	1.258973121	1.244271997	1.2258479	1.247485346
	1.161306192	1.214499208	1.145855852	1.234592942	1.206118769
	1.177057865	1.190110774	0.905373287	0.8716871786	0.9527418032
	0.9189747432	1.012669869	0.9848551617	0.9678904419	0.9379520096
	1.130376151	1.072230044	1.101774539	1.114011705	1.098717249
	0.9942618404	1.038635343	1.064094284	1.015082113	1.039092122
	1.059791386	1.087757689	1.052332187	1.080269536	1.12222564
	1.105173825	1.249545334	1.292664728	1.288402636	1.272729394
	1.269699798	1.152889145	1.12050435	1.097607599	1.137975496
	1.191788654	1.1667354	1.154419297	1.135125308	1.211701319
	1.17974801	1.166733977	1.21277435	1.201831943	1.232473174
	1.230538332	1.251626994	1.18693441	1.241551058	0.9160562715
	0.8783321932	0.923829278	0.9622749767	0.9975834208	1.028770726
	0.9826345553	0.9502314389	1.315470398	1.317369814	1.290652153
	1.287086083	1.292787874	1.317158426	1.291931996	1.318750249
	1.293253117	1.318459181	1.318296575	1.228418753	1.210750071
	1.21109234	1.23796129	1.219812082	1.221282277	1.246130902
	1.25282396	1.262259221	1.227326587	1.236821277	1.258213404
	1.265359892	1.249860338	1.291628681	1.256464761	1.301094421
	1.272229815	1.308422994	1.265020388	1.283219488	1.292419223
	1.315336617	1.193952093	1.169548299	1.192298382	1.144970965
	1.164026127	1.113639952	1.097717529	1.129024146	1.152238513
	0.8112868529	0.8583020177	0.7759735474	0.824399614	0.9705383194
	0.9317218257	0.9041167335	0.8904642277	0.8438577417	0.949351751
	0.8752622262	0.9208296869	1.063295643	1.029814903	1.056808933
	1.081987593	1.02993804	1.004380178	0.9864999899	0.9897604278
	0.9671032947	1.01078287	0.951244713	0.7630361499	0.7148894404
	0.6781165609	0.7275474808	0.7845069627	0.8215596357	0.8328351084
	0.8692997426	1.037301572	1.080924007	1.0108893	1.056317459
	1.230172277	1.213119594	1.195978427	1.178850695	1.193437128
	1.231572995	1.246472259	1.103146679	1.123279771	1.08198117
	1.060367441	1.100859719	1.127935168	1.14152029	1.159074775
	1.157992283	1.143181957	1.172783699	0.8924278896	0.855828686
	0.9362565213	0.9039417839	0.9658871357	0.9222971743	0.9523189769
	0.9929071366	1.265059744	1.266605472	1.230895456	1.239922284
	1.231443637	1.248253409	1.266981647	1.193077585	1.194986719
	1.155621289	1.163823313	1.195811087	1.177471688	1.205647494
	1.206147596	1.214474295	1.186248269	1.156475757	1.178519068
	1.181230966	1.222862964	1.215969106	1.2282027	1.190969008
	1.185484545	1.21260633	1.043972008	1.078159751	1.02401309
	1.010773249	1.126448569	1.134096948	1.093299977	1.123765054
	1.085560875	1.057968595	1.111640988	1.082843615	0.7816401938
	0.7489244379	0.8284906749	0.7967023493	0.9910952023	0.8606335185
	0.8862992593	0.928469103	0.9123264137	0.8117998898	0.8343899773
	0.8583551744	0.9768451636	0.9535472245	0.9606612622	0.9325240418
	0.8975297215	0.9161673573	0.8768796713	0.9425392683	0.6868340779
	0.7361788171	0.724407395	0.7728288849	0.6143034254	0.5783863157
	0.6286856411	0.6655894407	0.6496249603	0.7336509887	0.6813177846
	0.7005950556	0.7592466467	0.79269004	0.8442542495	0.807680079
	1.039716029	1.017458254	1.002778061	0.9774349302	1.144109897
	1.14330361	1.102928147	1.129581636	1.059837536	1.044538467
	1.023479567	1.087489469	1.102294042	1.113268747	1.070865433
	1.088019419	0.8787560798	0.8272125987	0.909135991	0.8563207252
	0.9631296228	0.884636078	0.9372545083	0.9175553504	1.177643292
	1.137170362	1.195368621	1.175044401	1.116609046	1.13791438
	1.157664321	1.118919441	1.117409566	1.083681309	1.097419143
	1.112636969	1.140535646	1.147732905	1.116558087	1.153192199
	1.099464731	1.107025443	1.064367587	1.02205566	1.052228833
	1.050406936	1.016790751	0.9660333533	1.003415586	0.9856646617
	1.009343421	1.009579154	1.05197996	1.028564286	0.740178973
	0.7647107102	0.7126076137	0.7875285375	0.9282590651	0.9089402111
	0.8900955561	0.948142984	0.8082511778	0.7844648321	0.8311278105
	0.7610586018	0.8708342408	0.8530373979	0.8876703261	0.8705485661
	0.8055014221	0.8359862494	0.8519878764	0.6256372743	0.5872641992
	0.6749101558	0.6374893388	0.7439949732	0.6954617723	0.7104543614
	0.6613016472	0.5161864922	0.477058125	0.5640637868	0.5280869902
	0.6299972001	0.5980510353	0.5852604327	0.5504426623	0.3744117559
	0.4144120996	0.4651880412	0.4260292597	0.6876317632	0.6390278303
	0.6153357586	0.6598565983	0.7754095785	0.8046584613	0.7568435952
	0.7269824264	1.065617156	1.00842945	0.9868343973	0.9416225182
	0.9640511656	1.061215588	1.057842937	1.02798855	0.9839717464
	1.002262582	1.017707342	1.018216782	1.060580457	1.022292111
	1.045566804	0.784072959	0.809544916	0.8317094845	0.8649160471
	0.8731335075	0.8409434559	0.9188470981	0.8960711121	1.03028836
	1.077773925	1.078119947	1.035529701	1.075576968	1.07661258
	1.034420729	1.035931025	1.071526474	1.029028399	1.033262274
	0.9931886765	0.9754830202	0.9601804581	0.9828367689	0.94927702
	0.9545260223	0.9916878253	0.9589120292	0.9882369371	0.9409538226
	0.9661747922	0.9056864326	0.9102289493	0.7133250845	0.7369386691
	0.6889364805	0.6648897426	0.8051563019	0.8358388819	0.8515447361
	0.8490167616	0.7584747307	0.7594800072	0.7106155988	0.7893509029
	0.8180933281	0.7304346875	0.7892677001	0.4860721667	0.5274327149
	0.5370390597	0.5753344786	0.6010559165	0.6459888573	0.6116815652
	0.5639547872	0.6781712929	0.6594692806	0.6333889176	0.7082042885
	0.594230502	0.4874006313	0.4517875628	0.5023309723	0.5703686737
	0.551859085	0.5205323276	0.5374063663	0.3113868838	0.3627713953
	0.2707306528	0.3227942521	0.3856884733	0.3494869748	0.4364959336
	0.4006885842	0.573646393	0.6006599956	0.6401226444	0.6159077357
	0.3835373415	0.4234153924	0.4351052738	0.4764224197	0.7617531503
	0.7360664242	0.6874700041	0.7136467993	0.9863724158	0.9872088685
	0.9500923208	0.9816033734	0.958140918	0.9395255687	0.9747287978
	0.9300869415	0.9451495096	0.8940679769	0.9132663975	0.7373201844
	0.7852647196	0.7591172964	0.8177398263	0.7897944539	0.8481759456
	0.8676184475	0.8280842121	0.9606326774	0.9859915101	0.9551971754
	0.9507028932	0.9510708454	0.9927428149	0.9903438133	0.9237282853
	0.8921653643	0.8942791997	0.9278126544	0.9276161204	0.8799536055
	0.8860305851	0.9149824699	0.9212009446	0.8911867035	0.8931699794
	0.9254119442	0.8441897456	0.7974355894	0.8512443534	0.8025298818
	0.6821703093	0.6622096646	0.6456192777	0.6228920134	0.755340078
	0.7582238711	0.7301313867	0.6954897525	0.6635888146	0.6671777829
	0.7000063512	0.6061180134	0.5530579813	0.4629233557	0.5031024648
	0.5157641418	0.6647758327	0.5719461318	0.58823468	0.538398553
	0.6144605975	0.6384340671	0.596027319	0.625179618	0.5309885119
	0.5581813705	0.5016442601	0.4513096809	0.4701472813	0.480762395
	0.4194640254	0.4001992026	0.2047524911	0.1663011422	0.1522251025
	0.06141163676	0.2592451921	0.2186670534	0.1139352309	0.3550090307
	0.3115491238	0.3340729534	0.2773181896	0.2433694487	0.2977293623
	0.36822922	0.5080631888	0.565042134	0.5231906425	0.5832241456
	0.4498484224	0.2799428258	0.3228125742	0.3717614007	0.3319694092
	0.4094966498	0.36068868	0.3991209719	0.6494966837	0.6742679986
	0.6889291872	0.710900255	0.9134617687	0.9002417228	0.8678313822
	0.915353188	0.8544682186	0.8073251325	0.8849663616	0.7306933504
	0.7483167601	0.6942319111	0.8247912547	0.7693961493	0.846536763
	0.7858931625	0.8863658719	0.9150718512	0.8791025697	0.8697569426
	0.8502198372	0.820008088	0.8588302414	0.8555612534	0.8122440125
	0.8125794432	0.8600298364	0.8562355284	0.8096303471	0.8591648281
	0.8045431778	0.8134581199	0.6923682323	0.7573643716	0.7018527611
	0.7501324905	0.6434935603	0.6268647436	0.5645553876	0.6318049421
	0.5819853314	0.524141246	0.5461565229	0.5046401986	0.6304825277
	0.5680019457	0.5868980606	0.4641021954	0.4880686426	0.5217578898
	0.4374660803	0.5826078923	0.6347183958	0.5600850187	0.6097569605
	0.5328419412	0.5532732071	0.4956879181	0.5851510748	0.3410887731
	0.3859181212	0.3264680246	0.2980125623	0.4299842581	0.4472896823
	0.3709367131	-0.1485880731	0.138931969	0.2224007568	0.09994406425
	-0.04364816153	0.04999012117	0.008888042624	-0.05804909142	-0.09618436568
	0.1883958259	-0.002334663875	0.2075086975	0.1729462492	0.2837753725
	0.2541937189	0.4623492047	0.4829530993	0.3881701054	0.4110824196
	0.1755746795	0.2279162425	0.2163531286	0.2706909681	0.4130151939
	0.2986199549	0.2571728455	0.3863465101	0.3113920591	0.3499621603
	0.3350724331	0.3695330829	0.07072112236	0.1116533691	0.1638480261
	0.1232331165	0.6574948013	0.5956397381	0.6633735271	0.7120329273
	0.8216917533	0.7745253089	0.8332935001	0.7937626515	0.6013917943
	0.7637833803	0.71560787	0.7463327082	0.7773378855	0.7762179384
	0.7465090851	0.7836565324	0.842800603	0.8136192739	0.7504661701
	0.7862330965	0.7424298087	0.7654696685	0.7181936697	0.7091233373
	0.7663411938	0.7624770607	0.7143073394	0.7173135485	0.5937155747
	0.660384322	0.6033320531	0.6530200706	0.5434446922	0.5175826811
	0.531609567	0.4886717588	0.4317253197	0.5013639487	0.4746321018
	0.4502287512	0.4374263252	0.3802287057	0.5099123059	0.3939627444
	0.5225997879	0.4747568391	0.4239723412	0.4592711978	0.5590586793
	0.5163553836	0.4718920544	0.532979539	0.4821278265	0.3363075408
	0.2589877866	0.237099173	0.3111463934	-0.2009917805	-0.2531182453
	-0.1602797153	-0.1103246535	0.07339118105	0.1079729774	0.1257827279
	0.1844369723	0.03378155646	-0.02202246014	0.01760530481	0.08897063915
	-0.07159395283	0.1603799373	-0.3569499495	-0.26506419	-0.2123077962
	-0.3052447102	0.3800020289	0.2841555473	0.3592592739	0.341620855
	0.3071212863	0.243907546	0.1502113666	0.1866183972	0.2023482293
	0.2260384232	0.3501252753	0.3178038689	0.2580101054	0.2832668582
	0.3343705337	0.2903585415	0.01820912826	-0.03432827542	0.009355096928
	0.05892887991	-0.2438543624	-0.1484779515	-0.1917011072	-0.1392833931
	-0.08686567909	-0.09576909146	-0.04342028548	0.04796226923	0.09752612931
	0.1339497145	0.08712002698	0.6312912186	0.5829150991	0.6669260024
	0.7268425025	0.6251059185	0.6604541764	0.7188886928	0.6979430749
	0.5403521153	0.589109789	0.6522398718	0.5465522059	0.6595087045
	0.7164110398	0.6645853254	0.7135669665	0.708568298	0.6674608756
	0.6940116993	0.668624215	0.6316325106	0.6694975791	0.6448293119
	0.6159696583	0.6307500156	0.6107209582	0.6655861105	0.5605398329
	0.5021189185	0.5005185055	0.5530882954	0.4016089553	0.3792418057
	0.4453380143	0.3601603338	0.3985363479	0.4230571843	0.4490672639
	0.3457865981	0.300647633	0.4205776732	0.3633755099	0.2742445138
	0.3178774893	0.4081103632	0.465195416	0.4461773077	0.4974147496
	0.5049719611	0.4137867774	0.3581170771	0.4307508835	0.3789268284
	0.2314564654	0.1871953494	0.2062738052	0.1319271104	0.1620546795
	0.08733203557	0.002318930358	-0.1740315451	-0.08519879387	-0.03201456889
	-0.1216651609	0.05501221569	0.1453431005	-0.3692243062	-0.3167260928
	-0.4597963909	-0.4086551888	-0.1376883404	-0.1909600642	-0.2791094999
	-0.2269526146	0.1276901195	0.3214818538	0.1507728701	0.289077311
	0.2544270795	0.2129040902	0.2364044145	0.1945180776	0.3405893453
	0.2689150902	0.1710350121	0.2573931954	0.121289707	0.1560058472
	0.1681504161	0.2001260179	0.1857276343	0.2298740937	0.2159941933
	-0.2960076176	-0.2562709543	-0.3477523789	-0.2005154462	0.1087064587
	0.03705839011	-0.16268077	-0.002095429386	-0.1073658255	-0.05445499284
	-0.01544879199	-0.06841282611	0.02143589668	0.0739929262	0.05601959727
	0.615032465	0.5930831132	0.551839673	0.6025953115	0.560567873
	0.609910519	0.5742945118	0.5684648721	0.4536694259	0.4682778319
	0.5102381989	0.5190055613	0.4112945385	0.6179651413	0.5783471797
	0.5934449493	0.568394758	0.6067724662	0.554935765	0.5807177908
	0.5095810403	0.5294690286	0.5420983476	0.5657988968	0.5148622507
	0.4052762214	0.4505924956	0.3984783122	0.4580857515	0.3527834795
	0.3574853437	0.2879946173	0.2880110224	0.3057407311	0.2826824351
	0.2670743783	0.2412621817	0.3944045875	0.3673998294	0.3616177688
	0.3254656523	0.3265681429	0.2878857248	0.2924685073	-0.5109375929
	-0.4724654408	-0.4203746681	-0.5613735089	0.1077832506	0.03883840492
	0.1009100169	0.05575607471	0.03457681039	0.1174422446	-0.1037552316
	-0.05092679998	0.06256015368	-0.02771567744	0.08362458344	-0.08073669357
	-0.2099423046	-0.2432911461	-0.331820738	-0.3836174919	-0.2964960408
	-0.1571336014	-0.1345669542	-0.5777552853	-0.6614007615	-0.5229602037
	-0.6118094249	0.1049627475	0.08560791968	0.1731426913	0.1297478112
	0.1480322991	0.2157926667	0.1648024891	0.2177753431	-0.4506905022
	-0.360517937	-0.3079782505	-0.3994971402	0.199505713	0.2253212426
	0.08846797779	0.1411973138	0.1186235052	0.1714641163	0.1466309121
	0.06531020157	-0.2186059619	-0.1830619028	-0.1238247369	-0.2708098465
	0.03519467286	-0.03166776404	0.002868515708	-0.01000420881	-0.04339797703
	0.01962676919	-0.09034499865	0.537837874	0.5265272086	0.4936997427
	0.5005379569	0.4878024734	0.532804153	0.4770828878	0.3831915368
	0.4383980668	0.42595829	0.3953790321	0.2979864889	0.3110036121
	0.3395995631	0.3529034436	0.4566134224	0.4059679886	0.4904549118
	0.5161058433	0.46336985	0.4385852775	0.4102387498	0.4623931357
	0.4908701904	0.4645358272	0.4390739974	0.4112490812	0.2926951532
	0.3458076412	0.2830368585	0.3532966517	0.1787845426	0.2293872563
	0.164918829	0.2175432074	0.2697104451	0.1858344014	0.181582009
	0.2489103086	0.2555902897	0.2109160271	0.1724140669	0.2533736412
	-0.4117241126	-0.5018838643	-0.552384452	-0.4606705079	-0.7109920981
	-0.7596019059	-0.6750201537	-0.627471832	0.1259955641	-0.4359677389
	-0.3485160685	-0.4904703344	-0.4014970872	0.0407229485	0.06114835632
	-0.001205773825	0.01811740154	-0.02368076121	-0.006668449962	-0.06011994935
	-0.3159285444	-0.2322243999	-0.1585011522	-0.1876102442	-0.0776793292
	-0.114118324	-0.2632974627	-0.5153268171	-0.5929762375	-0.4562517848
	-0.5455758002	0.07939355531	0.01908878359	0.07388202099	0.05676096762
	0.09618912995	0.04002636046	0.1117231548	-0.02047828753	-0.372263154
	-0.235445701	-0.3235669598	-0.2886972691	0.048609921	0.09321379619
	0.02805661563	0.1043989451	-0.1184826325	-0.02519779582	-0.1024451414
	-0.2025500987	-0.01690968202	-0.04272106496	-0.07228239708	0.003298248127
	-0.1496873517	-0.05588410884	0.4486156551	0.3317804171	0.406725472
	0.3639867681	0.4044486316	0.3232013885	0.3742400339	0.224977384
	0.2816113882	0.2280109743	0.291293939	0.3001663082	0.3293294375
	0.3575340548	0.3079218591	0.3861505161	0.358572944	0.3866548919
	0.4124121718	0.3043402612	0.3345855407	0.305414258	0.3084588081
	0.189448298	0.2464674981	0.2390288592	0.1992936069	0.08770282902
	0.1010071143	0.1498814905	0.1390063679	0.1407647402	0.1658578597
	0.1709373927	0.120415197	0.1253630019	0.1133903091	0.09531058512
	0.07417168339	0.03903945476	-0.3376332	-0.4759651609	-0.4214599382
	-0.3843053367	-0.5112099409	-0.6028850398	-0.6525534048	-0.5660225649
	-0.7237773653	-0.8082117136	-0.8557057675	-0.7737517736	-0.6906908322
	-0.608640447	-0.5630819241	-0.6408832604	0.04987976692	-0.01906681452
	0.01903037037	0.03553750642	-0.3691015172	-0.34822746	-0.4277591014
	-0.2850503959	-0.04347967054	-0.1094697024	-0.1221557252	-0.06462035381
	-0.2659579374	-0.1887372471	-0.2032762798	-0.4071679898	-0.4607632669
	-0.5324765423	-0.4870563187	0.000358418307	-0.03550137007	-0.08652841485
	-0.1124300597	-0.1310325685	-0.06894523449	-0.04273144303	-0.3023849267
	-0.2253438215	-0.1715020712	-0.2559562348	-0.2719963345	-0.0004768966305
	-0.03789115846	-0.07972455647	-0.0625841012	-0.08944797339	-0.142884279
	-0.1042630534	0.1299665034	0.2987594773	0.2759005145	0.1738671364
	0.2451037088	0.1834845734	0.2376777219	0.1395072676	0.251702892
	0.2110287998	0.2547342545	0.2055609115	0.2505975234	0.2219505239
	0.2114539255	0.2541823961	0.2139859559	0.2128977249	0.2555610363
	0.1107382703	0.1650800153	0.1585728303	0.1197030988	0.00720339798
	0.07206874543	-0.004797460292	0.06205690253	0.0846495762	0.081236768
	0.07458732316	0.05571586688	0.02025111101	0.02674366075	0.04108751129
	0.08570673216	-0.03435538252	0.03465677444	0.001440207807	-0.04235553712
	-0.4078656595	-0.3257263423	-0.3492543924	-0.4390432774	-0.4980894107
	-0.5817681711	-0.5310730251	-0.615798679	-0.7509207741	-0.6666987927
	-0.7022217698	-0.3846074376	-0.6588026875	-0.8214315899	-0.7916468497
	-0.7166964246	-0.7410462563	-0.8721367513	-0.9494469938	-0.9031998214
	-0.5499776248	-0.6359251506	-0.5065140046	-0.5783389336	-0.129136099
	-0.06013558025	-0.1055088689	-0.07420946102	-0.4798052433	-0.1604783712
	-0.3597124851	-0.414106838	-0.3293467341	-0.3826339423	-0.3062039943
	-0.176243976	-0.251665169	-0.4364467582	-0.1785386797	-0.2109465615
	-0.1566220037	-0.2304098197	-0.1391006393	-0.1880107409	-0.1120216919
	-0.2244016694	-0.2502777682	-0.3042298626	-0.1968600929	-0.2785227099
	-0.3574629092	-0.1218994338	-0.1582630853	-0.1783696555	0.1364666529
	0.1909027222	0.1837086505	0.1416416029	0.03987297624	0.0264430406
	0.08664705573	0.08149013574	0.1296990302	0.1250751159	0.1309911515
	0.1694025752	0.1714915967	0.1307101314	0.1715399788	-0.1151546455
	0.0248921598	0.07991493002	0.08559515977	0.01716207801	-0.04818689836
	-0.1034303895	-0.03836364024	-0.01548363409	-0.003891438515	-0.01818100953
	-0.05890973537	-0.06826719815	-0.07314237729	-0.08933736467	-0.1435226318
	-0.1230379072	-0.03462177579	-0.1042178999	-0.4381652179	-0.4671203205
	-0.5189822557	-0.5491007319	-0.6012218614	-0.6330131712	-0.6829036094
	-0.7155470436	-0.7996197785	-0.8472149764	-0.7656036276	-0.331961705
	-0.4112235603	-0.4903025141	-0.454541286	-0.3736529118	-0.6078264238
	-0.7417726338	-0.7678030177	-0.6700893383	-0.6941225301	-0.8906866161
	-0.8154948365	-0.8428793917	-0.9186402879	-0.9665186672	-1.040566792
	-0.9956941663	-0.5853873062	-0.5235556221	-0.4990729427	-0.4577766094
	-0.1845907147	-0.1708582086	-0.2003970058	-0.239654319	-0.393743532
	-0.3205938355	-0.288207597	-0.2505794066	-0.4349643599	-0.2182769775
	-0.2553496544	-0.3753568939	-0.3391648789	-0.2851050365	-0.2375497839
	-0.1628015568	-0.2178872894	-0.272286178	-0.2548923285	-0.2963965913
	-0.1831253326	0.09045591296	0.03451530448	0.08963548819	0.03157227652
	-0.02913675483	-0.07077776363	-0.08461538796	-0.02407356743	-0.226032898
	0.03532865673	0.03399714556	0.08910896587	0.03053909545	-0.1591996171
	-0.03066602062	-0.0250943386	-0.08612345847	-0.09367394112	-0.2146445411
	-0.149615116	-0.1265508853	-0.1697494592	-0.1834843039	-0.2726923694
	-0.1994991023	-0.1284670187	-0.217355843	-0.1144560769	-0.1445821423
	-0.571372956	-0.5337805864	-0.6225778097	-0.6514685686	-0.7028924512
	-0.7333416199	-0.7822771673	-0.8133860445	-0.8948101743	-0.9411701906
	-0.8624524073	-0.4171842022	-0.3143467639	-0.3918740158	-0.3382436768
	-0.5601483228	-0.4711461874	-0.5852280131	-0.4982497686	-0.5611031122
	-0.647870207	-0.7182911164	-0.6274652157	-0.6960431136	-0.7900308211
	-0.7664853103	-0.839465854	-0.8637634139	-1.011674832	-0.9390343686
	-0.9133122297	-0.9855699552	-1.085439417	-1.128813651	-1.058255111
	-0.4765296247	-0.416869673	-0.537701338	-0.4716003433	-0.5423532291
	-0.413445651	-0.3809778375	-0.2952333522	-0.3259743101	-0.3589469459
	-0.3502416028	-0.2819116407	-0.3171917521	-0.3681650684	-0.3623733606
	-0.2924963295	-0.3370485114	-0.02033002977	-0.07671357376	-0.02113812447
	-0.07958929796	-0.1406160517	-0.1840435294	-0.1821279475	-0.1356756758
	-0.2613038406	-0.3260518311	-0.2051399524	-0.2706017582	-0.07591631159
	-0.07721710473	-0.08059285886	-0.02164888863	-0.1421048729	-0.1366691104
	-0.1978064416	-0.225693564	-0.2809377172	-0.2392241032	-0.225559645
	-0.3426240691	-0.2945175339	-0.2984383255	-0.3282695175	-0.3721841593
	-0.3874921592	-0.2549350133	-0.67430437	-0.7522207746	-0.7246880503
	-0.6475762587	-0.831757792	-0.9090323042	-0.8780019406	-0.8027857553
	-0.9875302068	-0.9553099614	-1.0325271	-0.4386204773	-0.5332324412
	-0.5119292464	-0.4460209573	-0.6743516878	-0.5996972177	-0.6227071811
	-0.6983015866	-0.6088744291	-0.6489498402	-0.5920978817	-0.6762409027
	-0.8163173336	-0.7956861864	-0.7164267358	-0.7448569501	-0.9603362668
	-0.9309344359	-0.8672930256	-0.8893991686	-1.001866811	-1.074388207
	-1.101934393	-1.03264194	-1.143661949	-1.172187885	-1.213944042
	-0.6325289173	-0.4478039318	-0.49073185	-0.6151924697	-0.5453779557
	-0.5771356049	-0.4605049904	-0.5225479021	-0.4684432928	-0.3929046826
	-0.4360053783	-0.4057505979	-0.4167812134	-0.4715602461	-0.5048018077
	-0.433042508	-0.3730320151	-0.3819984531	-0.3168461958	-0.4372505716
	-0.2812568068	-0.1320219504	-0.1792275655	-0.1750590463	-0.1328110718
	-0.271858478	-0.2277909743	-0.221684463	-0.254018021	-0.1743692007
	-0.1891413857	-0.133308052	-0.3097649393	-0.248744466	-0.192419334
	-0.4555874562	-0.3368187195	-0.368506465	-0.4024610411	-0.3255432348
	-0.3920832989	-0.4238204269	-0.4572574305	-0.8153202816	-0.7501554511
	-0.7755854798	-0.8495513998	-0.9248395249	-1.000579694	-0.9715185702
	-0.8892327831	-1.077523993	-1.047312	-1.121033612	-0.651637846
	-0.5434123942	-0.6185901032	-0.5785464887	-0.7905027951	-0.7634941653
	-0.7264944553	-0.691750555	-0.6705751998	-0.689369579	-0.7674519444
	-0.7501896962	-0.8469923546	-0.8967188623	-0.8284972453	-0.9093083775
	-0.9729057553	-1.026530479	-0.9591177014	-1.044132959	-1.2293706
	-1.295723086	-1.255700199	-1.116644977	-1.16027069	-1.097914069
	-1.18573339	-0.583684941	-0.6535492574	-0.7021576596	-0.7319345874
	-0.6530545507	-0.428387896	-0.5850521785	-0.4843878065	-0.503433242
	-0.5581643187	-0.4929813346	-0.5157434552	-0.5478266083	-0.5837198202
	-0.5103770902	-0.5106087731	-0.5640088472	-0.5645684714	-0.4215916415
	-0.3045472554	-0.3609189283	-0.3660054669	-0.3809046743	-0.3162461305
	-0.3718662898	-0.2176042587	-0.2604467684	-0.2306046377	-0.3089273024
	-0.2736341175	-0.301381947	-0.2658647931	-0.2454833397	-0.4165677161
	-0.5125365113	-0.5027807516	-0.5340536845	-0.4790773272	-0.5668772
	-0.4369517784	-0.4478344842	-0.8556051685	-0.8273718084	-0.9108870413
	-0.9363540457	-1.018733941	-1.091119158	-1.060588522	-0.9918604144
	-1.16454323	-1.13296102	-1.206445558	-0.6376423724	-0.7195300754
	-0.7293923669	-0.6589773998	-0.8010562379	-0.8611004445	-0.790116799
	-0.8829893542	-0.8118077583	-0.8498081616	-0.7805779599	-0.8785841161
	-0.9469079982	-0.9953502753	-1.013156743	-0.9165519641	-1.119607015
	-1.142077722	-1.061684284	-1.080692875	-1.335745973	-1.269721098
	-1.313737941	-1.373925208	-1.180938196	-1.204425678	-1.248449482
	-0.7026768451	-0.698866753	-0.6287130353	-0.6553502604	-0.7462219148
	-0.751471288	-0.8189435394	-0.8036416385	-0.4776527381	-0.53934729
	-0.5328658595	-0.4727762181	-0.5949475153	-0.6722949229	-0.6541004208
	-0.6031306363	-0.5888615283	-0.6191095079	-0.618122513	-0.6825281917
	-0.6987387057	-0.6522367599	-0.6842138672	-0.6216824624	-0.4920062499
	-0.3298090796	-0.3577725224	-0.3646051431	-0.4279701666	-0.3859178865
	-0.3035866199	-0.483314192	-0.4478175344	-0.4123489667	-0.4135289629
	-0.4685991684	-0.5251586709	-0.5280581178	-0.4697583302	-0.6202883815
	-0.5581950635	-0.5477511627	-0.6084886332	-1.007108002	-1.034245007
	-0.9667376696	-0.9433638615	-1.074587338	-1.14676382	-1.102951656
	-1.175172481	-1.248347885	-1.288527373	-1.219001561	-0.8505017442
	-0.832087781	-0.7634265117	-0.7808959215	-0.960494059	-0.9018593073
	-0.9217377149	-0.9842258164	-0.9653126552	-0.8713202017	-0.9380916859
	-0.888142721	-1.101115619	-1.044240166	-1.015439521	-1.091218392
	-1.412104443	-1.389052224	-1.448334757	-1.352280959	-1.158956878
	-1.148132484	-1.207210928	-1.293071568	-1.273832449	-1.329912883
	-1.225543466	-0.7232686535	-0.7427033691	-0.7986804863	-0.7868601041
	-0.8562450451	-0.921576594	-0.9072980651	-0.8429172831	-0.6467094875
	-0.6409635375	-0.5838875075	-0.5885331186	-0.6991052967	-0.7676295656
	-0.7807714253	-0.7058534355	-0.7412019232	-0.670551081	-0.6834404997
	-0.7478201339	-0.7838655404	-0.7145082793	-0.7366895762	-0.7508662838
	-0.8149108848	-0.5034384063	-0.5240227995	-0.598850506	-0.5391224019
	-0.5556699478	-0.5908347363	-0.4692988278	-0.5810107488	-0.6620361215
	-0.6371564736	-0.6103791719	-0.6595797124	-0.72397031	-0.7134611106
	-0.6505263796	-1.047914144	-1.093680038	-1.02293004	-1.118908727
	-1.191105102	-1.164729981	-1.233264044	-1.259506277	-1.32870686
	-1.367052747	-1.301666848	-0.9207499263	-0.8509270396	-0.9410766877
	-0.883728711	-0.999633766	-0.9780254095	-1.056846414	-1.069134866
	-1.049491639	-0.9884720276	-1.062758281	-0.9728041499	-1.48456507
	-1.425646118	-1.463921364	-1.51874658	-1.138628732	-1.196963143
	-1.171676772	-1.124118634	-1.298181658	-1.229843324	-1.367265705
	-1.311281745	-1.256065981	-1.405575772	-1.353371068	-0.8431974539
	-0.8313369441	-0.9015557609	-0.8942163214	-0.9587629657	-1.023706992
	-0.9649450533	-1.034006719	-0.7184871738	-0.7720497636	-0.7352877619
	-0.6942197923	-0.8164699454	-0.7771299714	-0.8136375513	-0.8564591916
	-0.9085505163	-0.8527479922	-0.913598138	-0.7781641789	-0.888329067
	-0.9398726271	-0.804381025	-0.8715524017	-0.7903695173	-0.8201987117
	-0.855974943	-0.8426324427	-0.6926436957	-0.7045210682	-0.6433910382
	-0.6976793033	-0.7964382116	-0.7977904334	-0.7474043099	-0.7442295861
	-0.7591719893	-0.7677650098	-0.8206988578	-0.8306071934	-1.184099454
	-1.126565093	-1.13992313	-1.207414764	-1.275948262	-1.340346096
	-1.25162392	-1.318351753	-1.441805245	-1.405398633	-1.382737892
	-1.019756005	-1.035513738	-0.9795788882	-0.9581050224	-1.171222002
	-1.114593194	-1.15737526	-1.097526214	-1.552928089	-1.536813406
	-1.584966566	-1.498458718	-1.099412415	-1.111046526	-1.142264505
	-1.157909528	-1.392253699	-1.444398082	-1.4260841	-1.482779911
	-1.374665748	-1.27242714	-1.32615176	-1.258876577	-1.205316886
	-1.188937819	-1.340735004	-1.64681214	-1.617005042	-1.602299286
	-1.569214793	-1.030111868	-0.9659414074	-1.022605645	-0.9724328515
	-1.131422896	-1.089216314	-1.118805633	-1.080458237	-0.8507246395
	-0.90496492	-0.8503891714	-0.9031072351	-1.01174033	-1.016308422
	-0.957652786	-0.9610147129	-1.04159661	-1.001702942	-1.028232984
	-0.9622801524	-0.9890388648	-0.8953035333	-0.9084718787	-0.9233282466
	-0.9463661629	-0.883823211	-0.9593463788	-0.8009653684	-0.8659266059
	-0.8057515725	-0.812225794	-0.7523851007	-0.8517416087	-0.9028346533
	-0.9041670043	-0.8547819778	-0.9076352083	-0.9350739235	-0.9467245578
	-0.874030909	-1.228741808	-1.29460903	-1.275413218	-1.213868732
	-1.396520483	-1.361346767	-1.341310142	-1.419509139	-1.454612098
	-1.512578892	-1.478211857	-1.125855838	-1.067897996	-1.140954454
	-1.081961148	-1.20075665	-1.261206543	-1.24497176	-1.184791396
	-1.676619237	-1.664256963	-1.704112689	-1.632480041	-1.501424082
	-1.554876804	-1.52172793	-1.465066852	-1.160799953	-1.231987318
	-1.174098837	-1.242789216	-1.345588275	-1.300951345	-1.360640731
	-1.393218547	-1.40902561	-1.44546725	-1.312890493	-1.588593508
	-1.620416323	-1.571520313	-1.535242378	-1.110889721	-1.111150727
	-1.073138198	-1.06725621	-1.218866537	-1.148851206	-1.149041173
	-1.210813341	-1.008507934	-0.9556233264	-0.9558556498	-1.006878037
	-1.062812288	-1.100532504	-1.059806445	-1.105819713	-1.055336759
	-1.025609525	-1.112457871	-1.088353744	-1.047461482	-1.059023094
	-0.9978131005	-1.008364224	-0.9072075254	-0.941749755	-0.9806368252
	-0.9002718582	-0.8595103065	-0.9763745454	-0.9351273284	-0.9947738567
	-0.9831370137	-0.956955834	-1.00671054	-1.015059354	-1.020111014
	-1.058309072	-1.057775142	-1.377092007	-1.3226735	-1.305433436
	-1.356765207	-1.46874494	-1.432205323	-1.489341484	-1.411082092
	-1.546945927	-1.57917871	-1.525845298	-1.229415815	-1.203298407
	-1.170366414	-1.145469962	-1.289588199	-1.262216376	-1.340084729
	-1.331875436	-1.731606141	-1.756709927	-1.692086338	-1.717703557
	-1.603879845	-1.636155148	-1.678399486	-1.652719947	-1.482459131
	-1.518771308	-1.430288422	-1.467916413	-1.281039635	-1.321652637
	-1.334170608	-1.290334394	-1.41636597	-1.365352566	-1.378660794
	-1.504721131	-1.542780617	-1.587855777	-1.555483638	-1.149579701
	-1.143405257	-1.18748536	-1.210733237	-1.312842086	-1.302858671
	-1.273067074	-1.248519436	-1.058238697	-1.098066184	-1.084150526
	-1.044251427	-1.17625176	-1.181837311	-1.123486976	-1.138646333
	-1.108844975	-1.121658692	-1.165007267	-1.178738105	-1.097469428
	-1.142050929	-1.095735288	-1.152861101	-1.011509584	-1.021695845
	-1.071466311	-1.053274448	-1.032956639	-1.071504175	-1.060619411
	-1.095841665	-1.178609879	-1.13344081	-1.102168583	-1.141144548
	-1.391286103	-1.382358712	-1.448191185	-1.430003092	-1.505792622
	-1.542253428	-1.486877644	-1.558429073	-1.611411493	-1.641421208
	-1.594866985	-1.293021685	-1.222029111	-1.236553309	-1.304890655
	-1.361612561	-1.412438847	-1.374547198	-1.421562594	-1.743164595
	-1.781813712	-1.770363372	-1.80445796	-1.575765596	-1.704667012
	-1.66254436	-1.731901373	-1.609399549	-1.656795501	-1.698548512
	-1.620751094	-1.21931267	-1.3922607	-1.342484937	-1.454621789
	-1.492723414	-1.353293948	-1.403685898	-1.442575429	-1.564884459
	-1.520642312	-1.481087964	-1.531166785	-1.225787647	-1.38207918
	-1.332925536	-1.288331322	-1.25547698	-1.341698449	-1.278764204
	-1.249625563	-1.110831506	-1.159397778	-1.109853872	-1.161723348
	-1.210547606	-1.214232652	-1.246653094	-1.208972666	-1.254466873
	-1.278676463	-1.19738398	-1.187263051	-1.243139423	-1.216326143
	-1.251225683	-1.275725436	-1.208325494	-1.280524856	-1.245813606
	-1.14042675	-1.238465467	-1.158457445	-1.110416458	-1.213244825
	-1.183271851	-1.171424464	-1.469145636	-1.523930691	-1.509958116
	-1.459312729	-1.579272805	-1.610434924	-1.564732122	-1.625229017
	-1.671430922	-1.699134806	-1.656339069	-1.34992763	-1.389081076
	-1.324281281	-1.400132349	-1.450881022	-1.489104425	-1.500752604
	-1.439208472	-1.726329831	-1.759596079	-1.827102208	-1.793305031
	-1.749666357	-1.81329586	-1.847220969	-1.554960866	-1.589889856
	-1.630690493	-1.645966082	-1.599112468	-1.677410366	-1.716736583
	-1.693290012	-1.318245965	-1.285575057	-1.281868116	-1.31538967
	-1.546221242	-1.431777398	-1.471345808	-1.390423509	-1.462693064
	-1.511207251	-1.502861587	-1.351345209	-1.347881281	-1.392831979
	-1.423170922	-1.279444147	-1.208257543	-1.311822462	-1.27610371
	-1.312272335	-1.243534327	-1.232133044	-1.364077682	-1.355700398
	-1.307513164	-1.300285659	-1.299971393	-1.363410404	-1.349046178
	-1.310248405	-1.315684866	-1.28050543	-1.30606163	-1.314154516
	-1.302429839	-1.339182945	-1.34413549	-1.256886518	-1.583855085
	-1.55128737	-1.596533303	-1.538933848	-1.642160864	-1.68440022
	-1.671093348	-1.629017566	-1.72683869	-1.713275572	-1.752160196
	-1.428784326	-1.468450213	-1.419608576	-1.47784273	-1.527669478
	-1.561578819	-1.572114191	-1.51749451	-1.701460364	-1.80373727
	-1.738992712	-1.770283304	-1.884880397	-1.83334892	-1.740590499
	-1.867339731	-1.538463936	-1.654861481	-1.622069154	-1.614626063
	-1.581731847	-1.700376577	-1.662760439	-1.574638463	-1.389965928
	-1.345594795	-1.388281512	-1.344485756	-1.495605327	-1.504361922
	-1.464955251	-1.432581147	-1.531865885	-1.434842899	-1.47448642
	-1.345800044	-1.34455417	-1.387765791	-1.388422643	-1.411681217
	-1.396698407	-1.459603122	-1.452466307	-1.39325542	-1.390257277
	-1.348223382	-1.359963206	-1.382780482	-1.410772705	-1.437667031
	-1.377110753	-1.372648413	-1.405560026	-1.415945423	-1.616945628
	-1.658598389	-1.60593973	-1.642948416	-1.728002957	-1.738955534
	-1.684504021	-1.700580919	-1.777481702	-1.766342885	-1.800350609
	-1.552004693	-1.543611026	-1.500413025	-1.508409033	-1.595998322
	-1.587121596	-1.621030599	-1.63250798	-1.87401982	-1.917333741
	-1.851329488	-1.902421063	-1.692915033	-1.7584707	-1.789350096
	-1.823318119	-1.769346747	-1.738363824	-1.725191729	-1.800535401
	-1.541365359	-1.56860972	-1.60811673	-1.579512771	-1.64799298
	-1.655531072	-1.680279475	-1.61596942	-1.431487752	-1.431562718
	-1.513563598	-1.472821751	-1.552746653	-1.514627596	-1.472324838
	-1.474802428	-1.435217761	-1.472988298	-1.432806053	-1.493506476
	-1.536203354	-1.470670989	-1.515603534	-1.438797845	-1.477794039
	-1.443546303	-1.48191922	-1.487238984	-1.493675219	-1.449463137
	-1.669365399	-1.712458346	-1.697462031	-1.657401134	-1.789517468
	-1.755886528	-1.777126236	-1.740452662	-1.843572006	-1.810728489
	-1.823219516	-1.55805689	-1.603200024	-1.579309555	-1.612676303
	-1.646416715	-1.636412225	-1.68426479	-1.686092272	-1.688081688
	-1.889315014	-1.944487818	-1.93224642	-1.843168795	-1.901472772
	-1.812640963	-1.846556433	-1.712771305	-1.712553779	-1.745725514
	-1.740740942	-1.773610291	-1.80947218	-1.778904317	-1.688342011
	-1.610599023	-1.551816198	-1.591046596	-1.627199571	-1.646473281
	-1.663697031	-1.553121785	-1.513650852	-1.572032706	-1.514889363
	-1.555467038	-1.520820165	-1.558652197	-1.517279134	-1.575210627
	-1.568438409	-1.538350818	-1.582480401	-1.525512456	-1.53135601
	-1.563210934	-1.726058649	-1.762388624	-1.757418688	-1.723936879
	-1.849063318	-1.881703203	-1.83139402	-1.798946334	-1.863924496
	-1.793711375	-1.627387728	-1.674693648	-1.668972104	-1.61934327
	-1.755740528	-1.749442222	-1.716283989	-1.722503716	-1.671671498
	-1.741067246	-1.705541167	-1.737740846	-1.713287865	-1.898443557
	-1.938767305	-1.956729216	-1.966262817	-1.765395931	-1.838639372
	-1.803061114	-1.840533931	-1.769107342	-1.804717156	-1.880806821
	-1.646529177	-1.630823676	-1.664620606	-1.611594004	-1.628089269
	-1.596966131	-1.630676616	-1.593822051	-1.644327433	-1.634289797
	-1.661293287	-1.606194543	-1.601090296	-1.638775007	-1.61227887
	-1.844182454	-1.812275168	-1.782600401	-1.789182161	-1.914635968
	-1.899481909	-1.867202216	-1.948637261	-1.975796418	-1.982592828
	-1.806239704	-1.693184089	-1.710914191	-1.743751405	-1.728570291
	-1.761218831	-1.793358977	-1.776813313	-1.698553307	-1.680453883
	-1.730377885	-1.728616782	-1.762476202	-1.760348035	-1.799722834
	-1.799865169	-1.955339119	-1.879346876	-1.921520605	-1.920508159
	-1.878645388	-1.837492083	-1.837091102	-1.696115277	-1.664848757
	-1.662741014	-1.710744186	-1.71167556	-1.702070521	-1.706485309
	-1.698679113	-1.667895195	-1.671880328	-1.676804154	-1.882721551
	-1.855355526	-1.83583112	-1.822636047	-1.929790026	-1.902180891
	-1.94227519	-1.954747102	-1.993426723	-1.989389237	-1.782832127
	-1.810494294	-1.746835267	-1.814554504	-1.842927669	-1.741253131
	-1.778551305	-1.958736546	-1.786304267	-1.759011411	-1.79808634
	-1.744239474	-1.901558051	-1.837434609	-1.920197775	-1.860422171
	-1.825343611	-1.878644833	-1.93083555	-1.729826235	-1.775686507
	-1.777540906	-1.772081355	-1.732748627	-1.736557595	-1.771747905
	-1.875533831	-1.893455442	-1.846833383	-1.915074543	-1.954760353
	-1.96453924	-1.932930428	-1.96966931	-1.998729356	-1.997464209
	-1.819079072	-1.856536786	-1.816696451	-1.865261829	-1.940007293
	-1.912710158	-1.941898336	-1.970836671	-1.854527777	-1.848636025
	-1.813876836	-1.883649057	-1.850611569	-1.814095239	-1.815035072
	-1.910936072	-1.851213047	-1.885344273	-1.911780842	-1.974318126
	-1.902749215	-1.949945376	-1.981360645	-1.94302588	-1.998482784
	-1.969211183	-1.999994504	-1.890692335	-1.91664555	-1.913410015
	-1.894348183	-1.941310012	-1.967479369	-1.93842986	-1.912925809
	-1.938581955	-1.887692074	-1.988403164	-1.963621754	-1.968122738
	-1.996971065	-1.939279468	-1.992687114	