GOCAD	TSurf	1				
#	Exported	from	Badley	Geoscience's	T7	
#	Mon	May	16	14:13:12	2016	
#	989	vertices	1870	triangles		
#	xy	units	Metres	z	units	Milliseconds
HEADER	{					
name:Z.63						
*solid*color:1.00	0.47	0.47				
}						
GEOLOGICAL_TYPE	fault					
GEOLOGICAL_FEATURE	Z.63					
GOCAD_ORIGINAL_COORDINATE_SYSTEM						
NAME	Default					
AXIS_NAME	X	Y	T			
AXIS_UNIT	m	m	ms			
ZPOSITIVE	Depth					
END_ORIGINAL_COORDINATE_SYSTEM						
TFACE						
VRTX	0	809728.99	233209.11	205.93		
VRTX	1	811186.88	233426.98	672.33		
VRTX	2	812191.02	233577.04	1175.36		
VRTX	3	813954.59	233840.60	2020.47		
VRTX	4	817045.05	234302.45	3317.40		
VRTX	5	809395.01	235750.17	175.37		
VRTX	6	810566.50	235925.24	999.63		
VRTX	7	812100.22	236154.45	1805.72		
VRTX	8	813623.13	236382.04	2557.47		
VRTX	9	815183.92	236615.29	3403.72		
VRTX	10	808988.63	236523.61	140.51		
VRTX	11	809359.45	236579.46	293.20		
VRTX	12	810264.10	236714.22	807.01		
VRTX	13	811336.15	236874.43	1466.50		
VRTX	14	811955.21	236966.94	1851.95		
VRTX	15	814638.29	237367.91	3297.72		
VRTX	16	808405.13	237687.66	129.04		
VRTX	17	808829.44	237751.07	364.51		
VRTX	18	809176.60	237803.04	559.13		
VRTX	19	809205.85	237807.32	584.93		
VRTX	20	810054.40	237934.13	1048.03		
VRTX	21	810786.92	238043.60	1434.89		
VRTX	22	811923.38	238213.44	1979.89		
VRTX	23	812705.44	238330.31	2451.47		
VRTX	24	814084.43	238536.39	3210.73		
VRTX	25	807876.27	238265.84	214.40		
VRTX	26	808363.35	238339.31	386.54		
VRTX	27	808642.78	238380.39	584.77		
VRTX	28	809080.52	238445.90	837.97		
VRTX	29	809537.04	238514.04	1120.35		
VRTX	30	810334.73	238633.24	1513.86		
VRTX	31	811547.36	238814.47	2031.03		
VRTX	32	814577.50	239267.30	3594.25		
VRTX	33	807399.44	238611.67	103.88		
VRTX	34	808160.69	238725.43	490.36		
VRTX	35	808302.47	238746.69	572.18		
VRTX	36	809019.74	238852.66	1135.19		
VRTX	37	809164.92	238875.51	1114.47		
VRTX	38	810138.39	239020.99	1622.64		
VRTX	39	811410.20	239211.05	2259.11		
VRTX	40	813580.49	239535.39	3474.39		
VRTX	41	806512.90	239401.82	174.69		
VRTX	42	806646.79	239422.57	246.34		
VRTX	43	807117.02	239492.10	842.27		
VRTX	44	807252.59	239513.16	861.68		
VRTX	45	808167.32	239651.05	1402.92		
VRTX	46	808190.85	239652.58	1612.91		
VRTX	47	808884.70	239756.24	2022.04		
VRTX	48	809841.14	239899.21	2578.38		
VRTX	49	812345.24	240273.43	3789.73		
VRTX	50	806265.60	239529.16	248.81		
VRTX	51	806622.83	239582.93	482.51		
VRTX	52	807228.75	239672.72	1014.79		
VRTX	53	807445.54	239705.50	1141.65		
VRTX	54	808143.53	239810.28	1581.61		
VRTX	55	808538.01	239868.76	1900.49		
VRTX	56	808860.92	239915.40	2205.23		
VRTX	57	809882.83	240069.74	2536.96		
VRTX	58	812283.14	240428.45	3634.90		
VRTX	59	805514.71	239998.34	283.44		
VRTX	60	805559.75	240007.38	97.28		
VRTX	61	805746.54	240033.56	469.21		
VRTX	62	806322.73	240119.10	1133.53		
VRTX	63	806537.74	240152.27	1174.20		
VRTX	64	807143.68	240241.93	1658.14		
VRTX	65	807184.28	240247.85	1699.07		
VRTX	66	808058.46	240379.52	2013.69		
VRTX	67	808344.31	240421.21	2245.50		
VRTX	68	808775.80	240484.98	2499.28		
VRTX	69	810433.73	240733.46	3153.12		
VRTX	70	812531.57	241046.97	3858.59		
VRTX	71	799131.31	244592.85	112.75		
VRTX	72	799465.35	244642.77	628.65		
VRTX	73	799946.93	244714.74	848.01		
VRTX	74	800981.27	244869.10	1029.12		
VRTX	75	801057.94	244880.78	1021.05		
VRTX	76	802037.88	245027.22	1343.14		
VRTX	77	803118.16	245188.36	1684.94		
VRTX	78	803525.89	245249.60	1775.57		
VRTX	79	803971.19	245316.18	1956.82		
VRTX	80	804750.09	245432.61	2276.22		
VRTX	81	804892.23	245453.79	2341.39		
VRTX	82	799031.90	246650.78	119.39		
VRTX	83	799564.53	246730.38	524.24		
VRTX	84	800678.77	246896.62	1029.12		
VRTX	85	800969.79	246940.38	1128.45		
VRTX	86	801555.65	247027.82	1382.40		
VRTX	87	802547.95	247176.23	1784.74		
VRTX	88	802815.12	247216.15	1873.57		
VRTX	89	803668.10	247344.27	2095.48		
VRTX	90	804447.03	247460.49	2370.43		
VRTX	91	805132.51	247562.48	2638.77		
VRTX	92	806944.57	247833.05	3316.26		
VRTX	93	807247.28	247878.52	3405.24		
VRTX	94	799093.27	245914.25	89.55		
VRTX	95	799838.79	246025.66	642.31		
VRTX	96	800748.07	246161.40	1029.12		
VRTX	97	801114.22	246216.27	1165.46		
VRTX	98	801717.49	246306.38	1382.40		
VRTX	99	802815.02	246470.45	1766.54		
VRTX	100	802924.11	246486.83	1794.37		
VRTX	101	803777.17	246614.48	2053.75		
VRTX	102	804556.08	246730.82	2310.03		
VRTX	103	805128.05	246816.11	2511.46		
VRTX	104	807053.56	247103.69	3261.66		
VRTX	105	808796.94	247364.41	3909.16		
VRTX	106	798480.32	249058.21	107.70		
VRTX	107	800099.88	249300.24	942.14		
VRTX	108	800401.31	249346.03	1029.12		
VRTX	109	800874.46	249415.62	1382.40		
VRTX	110	801931.77	249574.00	1898.18		
VRTX	111	805178.31	250059.18	3442.59		
VRTX	112	798425.55	249631.41	151.26		
VRTX	113	800054.16	249874.90	1050.43		
VRTX	114	800075.48	249878.43	1029.12		
VRTX	115	800345.49	249918.34	1222.66		
VRTX	116	800598.46	249955.79	1382.40		
VRTX	117	802485.12	250238.09	2291.36		
VRTX	118	797091.24	254500.21	26.14		
VRTX	119	797936.94	254626.59	488.50		
VRTX	120	799173.93	254811.45	1459.12		
VRTX	121	799313.30	254832.35	1543.87		
VRTX	122	800229.27	254969.17	2154.99		
VRTX	123	801144.45	255105.93	2883.05		
VRTX	124	802570.18	255319.00	4026.03		
VRTX	125	797761.58	254018.99	79.70		
VRTX	126	798934.51	254194.28	1050.90		
VRTX	127	799398.30	254263.59	1365.13		
VRTX	128	799426.03	254267.75	1382.40		
VRTX	129	799823.95	254327.20	1653.16		
VRTX	130	800926.66	254491.99	2439.03		
VRTX	131	801866.91	254632.51	3203.51		
VRTX	132	803084.76	254814.51	4019.16		
VRTX	133	797856.09	253868.81	91.78		
VRTX	134	799422.35	254102.68	1316.10		
VRTX	135	799507.28	254115.36	1382.40		
VRTX	136	799520.09	254117.49	1371.50		
VRTX	137	801206.90	254369.57	2706.33		
VRTX	138	802848.34	254614.88	3930.92		
VRTX	139	797914.51	253056.01	121.48		
VRTX	140	799154.35	253241.30	1091.98		
VRTX	141	799542.36	253299.63	1342.69		
VRTX	142	799690.22	253322.44	1382.40		
VRTX	143	801089.88	253530.55	2511.79		
VRTX	144	803514.79	253892.94	4065.45		
VRTX	145	798297.42	251937.82	68.29		
VRTX	146	799211.88	252074.48	980.76		
VRTX	147	799261.82	252081.91	1029.12		
VRTX	148	799585.38	252129.68	1382.40		
VRTX	149	799714.19	252149.79	1414.52		
VRTX	150	800027.60	252196.38	1723.87		
VRTX	151	800655.87	252290.28	2143.20		
VRTX	152	801474.16	252412.56	2498.15		
VRTX	153	801850.68	252468.83	2718.76		
VRTX	154	803420.42	252703.42	3957.15		
VRTX	155	798664.99	251171.22	80.90		
VRTX	156	799446.32	251287.99	1033.88		
VRTX	157	799489.12	251294.89	1029.12		
VRTX	158	799749.08	251333.08	1382.40		
VRTX	159	799834.26	251346.35	1421.51		
VRTX	160	800011.53	251372.46	1655.70		
VRTX	161	800928.92	251509.56	2211.22		
VRTX	162	802399.79	251729.37	2744.78		
VRTX	163	803941.60	251959.78	3502.46		
VRTX	164	804820.63	252091.14	4050.68		
VRTX	165	797715.27	252520.68	63.44		
VRTX	166	798267.19	252603.16	378.88		
VRTX	167	798496.13	252637.38	582.30		
VRTX	168	799154.57	252735.65	1029.12		
VRTX	169	799616.33	252804.66	1334.06		
VRTX	170	799636.63	252807.33	1382.40		
VRTX	171	799847.36	252839.31	1475.03		
VRTX	172	800294.42	252906.12	1897.03		
VRTX	173	801005.49	253012.39	2386.82		
VRTX	174	802425.71	253224.63	3374.98		
VRTX	175	800138.20	249312.57	960.95		
VRTX	176	800053.49	249879.44	1051.16		
VRTX	177	800051.53	249926.98	1029.12		
VRTX	178	799941.24	250630.54	1259.16		
VRTX	179	799867.85	251106.70	1382.40		
VRTX	180	799832.09	251360.91	1424.81		
VRTX	181	799734.03	252017.04	1435.07		
VRTX	182	799700.51	252241.38	1400.34		
VRTX	183	799627.84	252691.03	1382.40		
VRTX	184	799618.98	252786.90	1333.75		
VRTX	185	799540.59	253311.48	1342.90		
VRTX	186	799428.71	254060.11	1303.13		
VRTX	187	799393.86	254293.28	1374.18		
VRTX	188	799387.44	254356.66	1382.40		
VRTX	189	799354.53	254556.47	1495.49		
VRTX	190	799305.42	254885.05	1553.11		
VRTX	191	798719.74	248676.90	188.47		
VRTX	192	799918.41	248856.04	678.39		
VRTX	193	800604.26	248958.54	988.45		
VRTX	194	800640.78	248963.90	1029.12		
VRTX	195	800949.61	249009.14	1382.40		
VRTX	196	801375.18	249073.75	1647.25		
VRTX	197	803485.44	249389.11	2863.14		
VRTX	198	806661.29	239325.56	103.44		
VRTX	199	806606.39	239692.91	644.50		
VRTX	200	806521.39	240261.69	1300.37		
VRTX	201	806475.34	240569.81	1521.76		
VRTX	202	806302.96	241723.28	1896.97		
VRTX	203	806150.86	242741.07	2006.06		
VRTX	204	806042.81	243464.07	2089.12		
VRTX	205	805926.70	244230.75	2318.00		
VRTX	206	805905.38	244383.67	2351.09		
VRTX	207	805869.81	244563.49	2464.12		
VRTX	208	805790.33	245133.00	2594.97		
VRTX	209	805789.72	245157.61	2581.32		
VRTX	210	808443.60	237802.37	141.86		
VRTX	211	808291.88	238817.57	604.48		
VRTX	212	808217.17	239317.47	1010.33		
VRTX	213	808146.63	239789.47	1565.82		
VRTX	214	808042.92	240483.50	2092.61		
VRTX	215	807935.42	241202.82	2442.48		
VRTX	216	807700.16	242777.05	3140.46		
VRTX	217	807463.54	244360.35	3232.34		
VRTX	218	807403.50	244792.70	3178.80		
VRTX	219	807311.35	245360.31	3198.66		
VRTX	220	807303.88	245428.75	3176.46		
VRTX	221	807045.38	247158.45	3264.44		
VRTX	222	806936.06	247889.95	3320.63		
VRTX	223	809387.06	236394.72	257.06		
VRTX	224	809206.90	237600.28	492.88		
VRTX	225	809163.94	237887.74	586.81		
VRTX	226	809056.68	238605.45	909.76		
VRTX	227	809009.48	238921.31	1197.80		
VRTX	228	808941.06	239379.11	1587.98		
VRTX	229	808859.75	239923.18	2214.18		
VRTX	230	808615.40	241558.27	3043.95		
VRTX	231	807385.90	238621.14	190.34		
VRTX	232	807314.44	239099.30	493.53		
VRTX	233	807234.43	239634.68	969.78		
VRTX	234	807167.86	240080.13	1496.79		
VRTX	235	807117.24	240418.87	1834.60		
VRTX	236	807009.75	241138.14	1998.22		
VRTX	237	806839.75	242275.69	2079.08		
VRTX	238	806755.96	242836.35	2310.32		
VRTX	239	806608.48	243823.19	2610.07		
VRTX	240	806536.73	244321.91	2666.92		
VRTX	241	806476.73	244654.20	2787.86		
VRTX	242	806403.84	245192.57	2818.09		
VRTX	243	806397.98	245223.81	2839.11		
VRTX	244	806367.44	245436.16	2918.48		
VRTX	245	805538.44	240157.41	116.24		
VRTX	246	805396.23	241109.01	846.22		
VRTX	247	805280.30	241884.71	1329.50		
VRTX	248	804966.18	243986.67	1988.75		
VRTX	249	804948.65	244084.58	2027.96		
VRTX	250	804895.88	244417.94	2114.38		
VRTX	251	804814.17	244987.12	2204.70		
VRTX	252	804745.47	245463.55	2282.37		
VRTX	253	804553.34	246749.14	2310.43		
VRTX	254	804414.72	247670.07	2394.87		
VRTX	255	804379.83	247910.15	2408.35		
VRTX	256	803585.67	242060.04	522.65		
VRTX	257	803488.34	242711.31	1211.08		
VRTX	258	803424.58	243137.98	1501.26		
VRTX	259	803329.36	243775.12	1479.57		
VRTX	260	803313.70	243840.24	1534.43		
VRTX	261	803266.14	244174.39	1592.26		
VRTX	262	803181.19	244743.08	1718.05		
VRTX	263	803177.21	244793.21	1705.19		
VRTX	264	803106.49	245266.46	1680.94		
VRTX	265	802978.43	246123.33	1711.34		
VRTX	266	802902.21	246633.33	1827.84		
VRTX	267	802797.13	247336.48	1883.02		
VRTX	268	796968.10	255682.50	201.91		
VRTX	269	797577.78	255773.62	710.16		
VRTX	270	797799.84	255806.80	904.15		
VRTX	271	798078.65	255848.47	1164.70		
VRTX	272	798606.45	255927.34	1418.37		
VRTX	273	798944.74	255977.90	1515.05		
VRTX	274	799235.97	256021.42	1696.72		
VRTX	275	800295.96	256179.83	2290.64		
VRTX	276	802288.18	256477.55	3460.19		
VRTX	277	796774.60	256260.25	332.44		
VRTX	278	797171.89	256319.62	625.37		
VRTX	279	797578.43	256380.38	904.20		
VRTX	280	797893.94	256427.53	1115.41		
VRTX	281	798397.84	256502.83	1332.35		
VRTX	282	798823.97	256566.52	1561.34		
VRTX	283	799156.25	256616.17	1780.27		
VRTX	284	800113.37	256759.21	2198.21		
VRTX	285	801997.81	257040.83	3292.47		
VRTX	286	796706.98	256856.81	344.34		
VRTX	287	797119.27	256918.42	680.93		
VRTX	288	797820.91	257023.28	1062.33		
VRTX	289	798356.22	257103.28	1337.82		
VRTX	290	798896.62	257184.04	1685.52		
VRTX	291	799514.73	257276.41	2021.17		
VRTX	292	800046.56	257355.89	2368.57		
VRTX	293	801919.28	257635.76	3527.32		
VRTX	294	796555.98	257731.61	183.33		
VRTX	295	797044.29	257804.58	543.84		
VRTX	296	797348.43	257850.03	812.34		
VRTX	297	797436.62	257863.21	937.47		
VRTX	298	798186.85	257975.33	1377.92		
VRTX	299	799063.04	258106.27	1872.65		
VRTX	300	799571.62	258182.27	2168.95		
VRTX	301	800274.09	258287.25	2708.80		
VRTX	302	796477.98	258465.64	99.72		
VRTX	303	796709.38	258500.22	255.42		
VRTX	304	796888.06	258526.93	430.73		
VRTX	305	797096.03	258558.00	691.83		
VRTX	306	797214.67	258575.73	865.29		
VRTX	307	797385.18	258601.22	1033.26		
VRTX	308	797936.67	258683.63	1297.88		
VRTX	309	798669.36	258793.13	1695.44		
VRTX	310	799665.66	258942.02	2285.06		
VRTX	311	801246.95	259178.34	3444.56		
VRTX	312	796434.22	258901.46	68.46		
VRTX	313	796700.66	258941.28	176.51		
VRTX	314	796887.03	258969.13	356.98		
VRTX	315	797060.85	258995.11	493.39		
VRTX	316	797291.69	259029.61	818.75		
VRTX	317	797443.00	259052.22	1079.26		
VRTX	318	798075.15	259146.69	1410.73		
VRTX	319	798429.06	259199.58	1577.65		
VRTX	320	798856.40	259263.45	1784.27		
VRTX	321	799571.59	259370.32	2249.36		
VRTX	322	801206.99	259614.73	3429.22		
VRTX	323	796565.46	259451.91	55.94		
VRTX	324	796777.10	259483.54	193.51		
VRTX	325	797095.96	259531.19	440.47		
VRTX	326	797325.50	259565.50	659.71		
VRTX	327	797631.25	259611.19	999.85		
VRTX	328	797872.41	259647.23	1150.80		
VRTX	329	798297.92	259710.82	1388.57		
VRTX	330	798556.99	259749.54	1621.21		
VRTX	331	800137.37	259985.71	2449.93		
VRTX	332	801538.06	260195.04	3497.75		
VRTX	333	796633.65	259841.27	76.53		
VRTX	334	797114.49	259913.13	403.37		
VRTX	335	797553.10	259978.68	803.77		
VRTX	336	798033.59	260050.48	1136.83		
VRTX	337	798816.13	260167.43	1616.47		
VRTX	338	799865.11	260324.20	2204.17		
VRTX	339	801250.11	260531.18	3132.96		
VRTX	340	801756.80	260606.89	3535.46		
VRTX	341	796908.55	260703.88	106.34		
VRTX	342	797127.02	260736.53	256.59		
VRTX	343	797472.08	260788.09	572.99		
VRTX	344	797961.42	260861.23	1012.41		
VRTX	345	798245.40	260903.66	1208.37		
VRTX	346	798591.93	260955.45	1499.85		
VRTX	347	799086.61	261029.38	1721.01		
VRTX	348	799693.30	261120.04	1970.60		
VRTX	349	800529.92	261245.07	2689.05		
VRTX	350	801191.80	261343.99	3414.57		
VRTX	351	796940.27	261315.29	68.42		
VRTX	352	797335.06	261374.29	378.08		
VRTX	353	797815.40	261446.07	803.04		
VRTX	354	798126.88	261492.62	1074.23		
VRTX	355	798453.38	261541.41	1334.15		
VRTX	356	798676.29	261574.72	1537.14		
VRTX	357	799396.53	261682.36	1787.87		
VRTX	358	800576.81	261858.75	2669.46		
VRTX	359	801703.43	262027.11	3495.94		
VRTX	360	796810.21	262269.05	131.22		
VRTX	361	797360.40	262351.27	470.17		
VRTX	362	797603.17	262387.55	809.70		
VRTX	363	798462.23	262515.93	1348.89		
VRTX	364	799400.49	262656.15	1879.19		
VRTX	365	800908.47	262881.51	2666.49		
VRTX	366	802119.56	263062.50	3401.61		
VRTX	367	796599.19	262844.18	106.19		
VRTX	368	797090.09	262917.54	366.23		
VRTX	369	797319.00	262951.75	587.15		
VRTX	370	797556.17	262987.20	790.67		
VRTX	371	798203.56	263083.95	1174.52		
VRTX	372	798470.78	263123.88	1355.52		
VRTX	373	799069.38	263213.34	1719.87		
VRTX	374	799931.83	263342.22	2206.05		
VRTX	375	802239.62	263687.11	3341.45		
VRTX	376	796251.62	263537.93	66.40		
VRTX	377	796790.94	263618.53	351.82		
VRTX	378	797433.47	263714.55	700.08		
VRTX	379	797814.00	263771.42	1009.21		
VRTX	380	798156.65	263822.63	1240.19		
VRTX	381	798545.06	263880.67	1537.82		
VRTX	382	799235.25	263983.82	1923.23		
VRTX	383	800331.16	264147.59	2447.48		
VRTX	384	801947.98	264389.22	3321.44		
VRTX	385	796020.68	264110.09	129.20		
VRTX	386	796761.55	264220.80	504.67		
VRTX	387	797940.75	264397.03	1179.56		
VRTX	388	798576.15	264491.98	1527.54		
VRTX	389	800125.85	264723.58	2109.74		
VRTX	390	801902.56	264989.10	3054.49		
VRTX	391	795900.44	264534.48	97.54		
VRTX	392	796598.88	264638.86	465.55		
VRTX	393	797965.02	264843.02	1123.67		
VRTX	394	798646.98	264944.93	1414.33		
VRTX	395	798949.08	264990.08	1608.40		
VRTX	396	800740.87	265257.85	2317.55		
VRTX	397	802387.34	265503.91	3174.88		
VRTX	398	796133.64	265403.49	207.00		
VRTX	399	796555.48	265466.54	429.08		
VRTX	400	797134.58	265553.08	763.21		
VRTX	401	797835.29	265657.79	1095.87		
VRTX	402	798642.93	265778.49	1544.62		
VRTX	403	799457.38	265900.21	1887.35		
VRTX	404	800373.52	266037.12	2316.47		
VRTX	405	801803.47	266250.82	2982.84		
VRTX	406	796314.65	266327.91	209.56		
VRTX	407	796778.39	266397.21	451.00		
VRTX	408	796993.55	266429.37	553.41		
VRTX	409	797278.91	266472.01	788.32		
VRTX	410	797587.20	266518.09	1000.48		
VRTX	411	797958.18	266573.52	1238.53		
VRTX	412	799023.53	266732.73	1691.06		
VRTX	413	799400.54	266789.08	1834.81		
VRTX	414	801448.92	267095.20	2908.15		
VRTX	415	802087.62	267190.64	3433.67		
VRTX	416	796449.09	267169.52	211.15		
VRTX	417	796950.38	267244.44	536.70		
VRTX	418	797188.80	267280.07	722.65		
VRTX	419	797512.08	267328.38	1035.75		
VRTX	420	798307.76	267447.29	1454.76		
VRTX	421	799183.84	267578.22	1847.20		
VRTX	422	799718.91	267658.18	2203.50		
VRTX	423	800065.84	267710.03	2482.03		
VRTX	424	800852.19	267827.54	2823.93		
VRTX	425	802151.81	268021.76	3527.23		
VRTX	426	796398.08	267616.91	191.91		
VRTX	427	797056.31	267715.27	635.42		
VRTX	428	797297.76	267751.36	774.22		
VRTX	429	797594.00	267795.63	1062.73		
VRTX	430	798047.25	267863.36	1244.71		
VRTX	431	798462.18	267925.37	1466.68		
VRTX	432	799320.18	268053.59	2029.75		
VRTX	433	800208.99	268186.42	2558.52		
VRTX	434	800699.77	268259.77	2824.59		
VRTX	435	801973.89	268450.18	3367.45		
VRTX	436	796410.96	267998.00	204.48		
VRTX	437	796774.44	268052.32	448.17		
VRTX	438	797101.45	268101.18	814.58		
VRTX	439	797463.04	268155.22	1087.76		
VRTX	440	798184.77	268263.08	1433.16		
VRTX	441	798429.20	268299.61	1637.07		
VRTX	442	799300.71	268429.85	2212.45		
VRTX	443	799754.32	268497.64	2500.80		
VRTX	444	800520.36	268612.12	2824.21		
VRTX	445	802269.15	268873.47	3549.87		
VRTX	446	795932.58	268596.37	133.90		
VRTX	447	796306.42	268652.24	336.94		
VRTX	448	796643.01	268702.54	562.28		
VRTX	449	796830.65	268730.58	764.44		
VRTX	450	797226.33	268789.71	962.37		
VRTX	451	797522.68	268834.00	1144.82		
VRTX	452	798038.33	268911.06	1370.82		
VRTX	453	798362.92	268959.57	1447.79		
VRTX	454	799323.81	269103.17	2104.29		
VRTX	455	800376.10	269260.43	2787.84		
VRTX	456	801307.74	269399.66	3117.81		
VRTX	457	801941.89	269494.43	3283.04		
VRTX	458	802451.15	269570.53	3496.97		
VRTX	459	795764.95	269026.32	145.97		
VRTX	460	796231.70	269096.07	352.42		
VRTX	461	796463.36	269130.69	538.43		
VRTX	462	796909.39	269197.34	844.70		
VRTX	463	797191.46	269239.50	1026.65		
VRTX	464	798294.97	269404.41	1469.44		
VRTX	465	798841.84	269486.14	1655.14		
VRTX	466	799173.94	269535.77	1838.89		
VRTX	467	799784.70	269627.04	2257.74		
VRTX	468	800460.16	269727.98	2673.01		
VRTX	469	801043.11	269815.11	2966.56		
VRTX	470	802706.69	270063.72	3500.86		
VRTX	471	795759.43	269480.49	199.50		
VRTX	472	796595.10	269605.38	685.73		
VRTX	473	797530.85	269745.21	1175.64		
VRTX	474	798528.66	269894.33	1590.88		
VRTX	475	799427.53	270028.66	2097.19		
VRTX	476	800238.39	270149.84	2523.33		
VRTX	477	801161.01	270287.72	2882.57		
VRTX	478	802036.99	270418.63	3186.86		
VRTX	479	802932.89	270552.52	3515.52		
VRTX	480	795673.15	270137.46	122.07		
VRTX	481	796504.71	270261.73	560.81		
VRTX	482	797245.99	270372.51	954.83		
VRTX	483	798187.77	270513.25	1350.27		
VRTX	484	799016.71	270637.13	1717.92		
VRTX	485	799799.34	270754.09	2249.55		
VRTX	486	800607.19	270874.82	2722.95		
VRTX	487	801314.28	270980.49	2979.61		
VRTX	488	803045.21	271239.17	3469.03		
VRTX	489	795897.45	270625.98	166.25		
VRTX	490	796343.12	270692.58	478.43		
VRTX	491	796772.99	270756.82	701.27		
VRTX	492	797830.23	270914.82	1195.63		
VRTX	493	798451.19	271007.62	1455.07		
VRTX	494	798704.29	271045.44	1641.84		
VRTX	495	799199.56	271119.46	2074.21		
VRTX	496	799960.79	271233.22	2492.64		
VRTX	497	800463.61	271308.36	2806.92		
VRTX	498	801295.61	271432.70	3014.91		
VRTX	499	802616.54	271630.11	3418.29		
VRTX	500	795629.24	271028.26	93.75		
VRTX	501	796031.66	271088.40	297.86		
VRTX	502	796933.14	271223.12	875.25		
VRTX	503	797983.99	271380.16	1357.54		
VRTX	504	798630.88	271476.84	1659.34		
VRTX	505	799613.59	271623.70	2310.73		
VRTX	506	800469.96	271751.68	2809.56		
VRTX	507	800574.18	271768.53	2716.60		
VRTX	508	801282.02	271873.03	2993.15		
VRTX	509	802963.29	272124.29	3474.84		
VRTX	510	795552.48	271320.12	121.77		
VRTX	511	796011.01	271388.64	362.32		
VRTX	512	796568.66	271471.98	624.56		
VRTX	513	797502.56	271611.55	1065.69		
VRTX	514	798398.15	271745.39	1545.86		
VRTX	515	798605.23	271776.34	1676.80		
VRTX	516	799257.87	271873.87	2140.71		
VRTX	517	799701.37	271940.15	2392.23		
VRTX	518	800529.86	272065.04	2654.21		
VRTX	519	800672.16	272085.23	2817.52		
VRTX	520	802700.86	272388.40	3421.98		
VRTX	521	795694.87	271720.57	132.31		
VRTX	522	796035.95	271771.54	339.79		
VRTX	523	796686.14	271868.71	653.60		
VRTX	524	797504.59	271991.02	986.81		
VRTX	525	797862.66	272044.53	1170.03		
VRTX	526	798727.75	272173.81	1736.05		
VRTX	527	799221.82	272247.65	2080.88		
VRTX	528	799648.66	272311.44	2273.17		
VRTX	529	800028.51	272368.20	2357.44		
VRTX	530	800474.62	272434.71	2541.84		
VRTX	531	801081.61	272525.58	2756.47		
VRTX	532	801896.38	272647.34	3027.13		
VRTX	533	802949.86	272804.78	3419.93		
VRTX	534	795690.81	272313.99	136.55		
VRTX	535	796203.39	272390.59	313.65		
VRTX	536	796874.22	272490.84	665.74		
VRTX	537	797907.53	272645.26	1132.60		
VRTX	538	799070.76	272819.10	1735.85		
VRTX	539	799597.56	272897.83	2050.82		
VRTX	540	800387.70	273016.31	2282.79		
VRTX	541	800577.81	273044.32	2384.45		
VRTX	542	801863.92	273236.52	2874.19		
VRTX	543	803368.51	273461.37	3441.57		
VRTX	544	795872.51	273756.70	192.78		
VRTX	545	797130.68	273944.72	818.90		
VRTX	546	798501.69	274149.61	1333.70		
VRTX	547	799268.83	274264.26	1733.04		
VRTX	548	800117.53	274391.09	2321.78		
VRTX	549	800180.79	274400.84	2326.62		
VRTX	550	801038.11	274528.66	2799.41		
VRTX	551	802521.80	274750.39	3281.96		
VRTX	552	794542.19	275099.84	190.43		
VRTX	553	795708.47	275274.13	682.57		
VRTX	554	796557.75	275401.05	962.83		
VRTX	555	796966.97	275462.20	1134.68		
VRTX	556	797621.37	275560.00	1597.90		
VRTX	557	798234.84	275651.68	2045.51		
VRTX	558	799380.83	275822.94	2434.94		
VRTX	559	799955.46	275908.63	2602.59		
VRTX	560	800864.71	276044.70	2822.57		
VRTX	561	802420.22	276277.16	3225.65		
VRTX	562	803985.77	276511.12	3739.41		
VRTX	563	793942.89	275996.11	387.42		
VRTX	564	795743.61	276265.22	1066.04		
VRTX	565	796725.84	276412.01	1424.69		
VRTX	566	797298.54	276497.59	1777.60		
VRTX	567	797768.99	276567.90	2051.96		
VRTX	568	799811.37	276872.82	2586.78		
VRTX	569	799856.70	276879.89	2570.86		
VRTX	570	803592.42	277438.17	3310.43		
VRTX	571	793786.53	276731.07	615.21		
VRTX	572	795505.69	276987.99	1112.34		
VRTX	573	796784.92	277179.17	1429.87		
VRTX	574	797224.71	277244.89	1680.66		
VRTX	575	798524.15	277439.09	2140.46		
VRTX	576	799700.50	277614.70	2392.09		
VRTX	577	799946.79	277651.69	2425.59		
VRTX	578	801277.26	277850.52	2719.12		
VRTX	579	803589.88	278196.13	3418.77		
VRTX	580	793580.93	277825.21	480.49		
VRTX	581	794921.33	278025.52	940.08		
VRTX	582	796302.81	278231.98	1328.26		
VRTX	583	797653.46	278433.83	1779.88		
VRTX	584	798635.91	278580.65	2027.79		
VRTX	585	799536.12	278714.63	2232.57		
VRTX	586	800191.68	278813.15	2296.40		
VRTX	587	801696.15	279037.98	2620.65		
VRTX	588	803446.44	279299.55	2896.14		
VRTX	589	804080.96	279394.38	3043.06		
VRTX	590	793478.11	278504.98	478.17		
VRTX	591	795422.52	278795.57	974.10		
VRTX	592	797069.98	279041.77	1487.43		
VRTX	593	798727.97	279289.55	1842.51		
VRTX	594	799434.44	279395.00	2051.46		
VRTX	595	800365.29	279534.23	2300.52		
VRTX	596	802637.51	279873.80	2707.71		
VRTX	597	804234.10	280112.40	3047.29		
VRTX	598	793739.98	279100.23	423.86		
VRTX	599	794906.75	279274.60	654.98		
VRTX	600	796677.16	279539.17	1120.19		
VRTX	601	797259.96	279626.27	1544.24		
VRTX	602	798017.22	279739.44	1753.80		
VRTX	603	798426.62	279800.62	1830.73		
VRTX	604	799276.14	279927.58	1984.43		
VRTX	605	799353.16	279938.91	2008.09		
VRTX	606	799767.50	280001.01	2037.20		
VRTX	607	800760.06	280149.34	2348.33		
VRTX	608	802121.19	280352.75	2673.34		
VRTX	609	802827.32	280458.28	2851.53		
VRTX	610	804229.60	280667.84	3073.49		
VRTX	611	793354.65	279611.40	224.36		
VRTX	612	794388.38	279765.88	424.55		
VRTX	613	795647.12	279953.99	750.10		
VRTX	614	796506.87	280082.48	903.74		
VRTX	615	797192.26	280184.91	1224.42		
VRTX	616	798348.31	280357.67	1708.71		
VRTX	617	799136.16	280475.41	1989.29		
VRTX	618	799269.93	280495.81	1982.26		
VRTX	619	800180.05	280631.41	2228.97		
VRTX	620	801786.77	280871.52	2623.86		
VRTX	621	803434.57	281117.78	2955.26		
VRTX	622	804038.50	281208.04	3039.08		
VRTX	623	793998.66	281312.78	132.92		
VRTX	624	794786.73	281430.55	294.86		
VRTX	625	795830.41	281586.52	645.27		
VRTX	626	796700.21	281716.51	901.69		
VRTX	627	797385.45	281818.91	1301.47		
VRTX	628	798429.33	281974.91	1549.06		
VRTX	629	799035.40	282065.16	1773.08		
VRTX	630	799401.41	282120.19	1860.30		
VRTX	631	800690.82	282312.88	2209.42		
VRTX	632	801898.23	282493.32	2606.43		
VRTX	633	803454.10	282725.84	2827.58		
VRTX	634	794692.16	282389.61	171.11		
VRTX	635	795408.53	282496.67	349.24		
VRTX	636	796380.42	282641.91	763.32		
VRTX	637	797628.26	282828.39	1436.96		
VRTX	638	798600.37	282973.67	1732.38		
VRTX	639	798893.07	283017.56	1803.10		
VRTX	640	799818.11	283155.66	2081.88		
VRTX	641	800964.45	283326.97	2289.38		
VRTX	642	803615.47	283723.15	2710.38		
VRTX	643	795035.52	283211.90	160.64		
VRTX	644	796120.15	283373.99	518.75		
VRTX	645	796877.13	283487.12	878.59		
VRTX	646	797551.84	283587.95	1428.71		
VRTX	647	797981.49	283652.16	1624.18		
VRTX	648	799455.12	283872.38	2011.87		
VRTX	649	801225.79	284137.00	2342.62		
VRTX	650	803426.45	284465.88	2686.91		
VRTX	651	795302.88	283883.80	190.23		
VRTX	652	795928.43	283977.29	471.28		
VRTX	653	796698.31	284092.34	823.73		
VRTX	654	797023.96	284141.00	963.08		
VRTX	655	797230.89	284171.93	1205.43		
VRTX	656	797417.86	284199.87	1272.14		
VRTX	657	797513.03	284214.09	1339.95		
VRTX	658	797632.44	284231.94	1448.17		
VRTX	659	798153.32	284309.78	1589.34		
VRTX	660	798565.76	284371.42	1795.94		
VRTX	661	799219.21	284469.07	2059.44		
VRTX	662	799794.70	284555.07	2150.23		
VRTX	663	801168.60	284760.40	2319.10		
VRTX	664	802960.42	285028.17	2575.57		
VRTX	665	794995.15	284292.80	189.16		
VRTX	666	795717.29	284400.73	459.50		
VRTX	667	796625.74	284536.49	774.68		
VRTX	668	797177.27	284618.91	1050.81		
VRTX	669	797553.01	284675.07	1232.77		
VRTX	670	798206.99	284772.80	1628.42		
VRTX	671	798776.75	284857.95	1879.79		
VRTX	672	799339.15	284942.00	2074.09		
VRTX	673	800093.08	285054.66	2178.16		
VRTX	674	801732.57	285299.68	2416.96		
VRTX	675	802357.60	285393.09	2496.20		
VRTX	676	803088.09	285502.25	2674.98		
VRTX	677	795550.80	285134.18	406.50		
VRTX	678	795963.31	285195.83	562.22		
VRTX	679	796638.93	285296.80	794.72		
VRTX	680	797124.00	285369.29	1049.79		
VRTX	681	797813.98	285472.40	1361.89		
VRTX	682	798072.14	285510.98	1456.75		
VRTX	683	798277.26	285541.63	1577.91		
VRTX	684	799193.35	285678.54	1804.85		
VRTX	685	800243.95	285835.55	2153.27		
VRTX	686	801094.88	285962.71	2349.95		
VRTX	687	802383.79	286155.33	2484.48		
VRTX	688	803155.67	286270.69	2568.16		
VRTX	689	793302.84	280513.65	147.39		
VRTX	690	794234.29	280652.85	292.74		
VRTX	691	795503.19	280842.48	657.79		
VRTX	692	796403.81	280977.07	858.68		
VRTX	693	797385.90	281123.84	1296.43		
VRTX	694	798040.79	281221.71	1498.62		
VRTX	695	798961.77	281359.34	1762.68		
VRTX	696	799136.98	281385.45	1815.85		
VRTX	697	800292.14	281558.16	2111.58		
VRTX	698	801100.34	281678.94	2455.33		
VRTX	699	802266.96	281853.29	2765.55		
VRTX	700	803843.35	282088.87	2962.86		
VRTX	701	793654.96	277343.36	580.94		
VRTX	702	794893.12	277528.39	961.97		
VRTX	703	796653.39	277791.46	1371.87		
VRTX	704	798044.92	277999.41	1862.82		
VRTX	705	799242.29	278178.35	2157.06		
VRTX	706	799608.19	278232.40	2301.39		
VRTX	707	800449.91	278358.82	2443.33		
VRTX	708	801913.46	278577.54	2751.98		
VRTX	709	804165.33	278914.07	3088.09		
VRTX	710	795490.89	274407.45	154.05		
VRTX	711	796063.57	274493.03	514.87		
VRTX	712	797055.92	274641.33	936.75		
VRTX	713	797771.95	274748.34	1296.81		
VRTX	714	798262.70	274821.68	1665.97		
VRTX	715	799479.88	275003.57	2316.05		
VRTX	716	800077.43	275092.50	2574.12		
VRTX	717	800963.43	275225.29	2869.79		
VRTX	718	802303.92	275425.61	3281.92		
VRTX	719	803337.42	275580.06	3600.75		
VRTX	720	804677.97	275780.40	3981.23		
VRTX	721	795719.23	273253.51	98.35		
VRTX	722	796619.60	273388.07	433.71		
VRTX	723	797407.16	273505.77	864.58		
VRTX	724	798041.27	273600.53	1225.08		
VRTX	725	798726.84	273702.98	1450.83		
VRTX	726	799493.98	273817.63	1850.17		
VRTX	727	800128.43	273912.44	2036.65		
VRTX	728	800251.05	273930.68	2120.24		
VRTX	729	800649.99	273990.38	2358.19		
VRTX	730	801488.72	274115.73	2804.61		
VRTX	731	803217.85	274374.14	3436.16		
VRTX	732	795712.38	272544.71	119.62		
VRTX	733	797011.50	272738.86	674.24		
VRTX	734	798126.38	272905.47	1206.11		
VRTX	735	799046.85	273043.03	1683.65		
VRTX	736	799547.87	273117.90	2005.24		
VRTX	737	800354.48	273238.63	2254.07		
VRTX	738	800775.61	273301.38	2409.98		
VRTX	739	801266.64	273374.76	2605.09		
VRTX	740	800631.34	271385.98	2765.51		
VRTX	741	800550.64	271926.05	2696.46		
VRTX	742	800549.94	271940.57	2682.18		
VRTX	743	800456.12	272558.52	2504.21		
VRTX	744	800394.28	272972.31	2288.48		
VRTX	745	800371.23	273101.92	2296.57		
VRTX	746	800348.79	273276.69	2249.15		
VRTX	747	800303.54	273579.50	2179.77		
VRTX	748	800259.82	273872.05	2103.18		
VRTX	749	800238.82	274012.57	2144.07		
VRTX	750	800169.16	274478.70	2363.23		
VRTX	751	800104.21	274913.27	2545.72		
VRTX	752	800068.46	275152.48	2583.62		
VRTX	753	799982.62	275726.86	2603.84		
VRTX	754	799886.64	276369.13	2599.43		
VRTX	755	799823.10	276794.29	2601.59		
VRTX	756	799773.37	277127.10	2538.83		
VRTX	757	799715.31	277515.59	2406.65		
VRTX	758	799599.49	278290.56	2292.85		
VRTX	759	799529.11	278761.54	2225.90		
VRTX	760	799466.86	279178.07	2062.77		
VRTX	761	799415.30	279523.09	2044.79		
VRTX	762	799318.25	280172.50	1987.48		
VRTX	763	799276.90	280449.20	1986.59		
VRTX	764	799204.86	280931.24	1941.87		
VRTX	765	799132.05	281418.45	1806.70		
VRTX	766	799042.19	282019.72	1773.42		
VRTX	767	798943.25	282681.77	1768.41		
VRTX	768	798867.50	283188.64	1820.78		
VRTX	769	798838.00	283386.04	1814.79		
VRTX	770	798791.40	283697.88	1918.23		
VRTX	771	795731.90	272408.60	140.94		
VRTX	772	796760.74	272562.36	558.55		
VRTX	773	797739.66	272708.64	1036.58		
VRTX	774	798636.46	272842.67	1521.12		
VRTX	775	799810.33	273018.10	2066.47		
VRTX	776	801844.70	273322.12	2901.04		
VRTX	777	803316.59	273542.09	3551.95		
VRTX	778	795537.32	271191.46	134.63		
VRTX	779	796652.16	271358.07	690.22		
VRTX	780	798063.61	271569.00	1386.60		
VRTX	781	798636.44	271654.61	1636.64		
VRTX	782	799270.20	271749.32	2147.33		
VRTX	783	800671.63	271958.76	2733.04		
VRTX	784	802687.24	272259.98	3355.04		
VRTX	785	795787.19	270394.64	160.39		
VRTX	786	796208.08	270457.54	390.57		
VRTX	787	796638.61	270521.88	620.84		
VRTX	788	798122.79	270743.68	1320.42		
VRTX	789	798659.21	270823.85	1558.82		
VRTX	790	800302.15	271069.38	2633.01		
VRTX	791	801012.50	271175.53	2836.13		
VRTX	792	802767.25	271437.77	3479.23		
VRTX	793	794962.71	286310.19	20.40		
VRTX	794	800227.96	287097.05	1584.48		
VRTX	795	807076.50	288120.52	3603.59		
VRTX	796	813227.63	289039.77	5429.47		
VRTX	797	794206.47	291404.39	17.13		
VRTX	798	799545.38	292202.26	1608.22		
VRTX	799	803710.70	292824.73	2823.76		
VRTX	800	809228.20	293649.30	4463.48		
VRTX	801	812489.00	294136.61	5436.45		
VRTX	802	825884.85	227470.71	5452.80		
VRTX	803	808024.87	224802.59	97.28		
VRTX	804	807625.28	224742.64	1.25		
VRTX	805	809803.20	230705.05	67.83		
VRTX	806	809838.52	230710.16	97.28		
VRTX	807	812740.19	231143.97	1211.93		
VRTX	808	817578.98	231867.10	3224.13		
VRTX	809	820847.68	232355.59	4469.69		
VRTX	810	823157.22	232700.74	5413.37		
VRTX	811	807026.99	228988.36	10.08		
VRTX	812	807377.67	229041.00	97.28		
VRTX	813	807867.54	229113.97	270.64		
VRTX	814	808869.63	229263.73	550.33		
VRTX	815	809901.18	229417.89	852.94		
VRTX	816	811684.84	229684.45	1371.15		
VRTX	817	816637.83	230424.65	2888.47		
VRTX	818	820616.88	231019.29	4020.10		
VRTX	819	825217.42	231706.35	5452.80		
VRTX	820	825275.13	231715.44	5427.89		
VRTX	821	800969.39	242904.98	123.59		
VRTX	822	800903.33	243347.01	495.56		
VRTX	823	800888.84	243443.93	562.99		
VRTX	824	802687.09	242236.98	80.43		
VRTX	825	802597.20	242838.50	591.69		
VRTX	826	802530.87	243282.31	989.74		
VRTX	827	803275.35	242022.06	81.16		
VRTX	828	803217.96	242406.08	578.15		
VRTX	829	803131.23	242986.47	1041.76		
VRTX	830	804079.04	241634.29	98.79		
VRTX	831	804038.99	241902.31	527.01		
VRTX	832	803960.40	242428.21	1025.85		
VRTX	833	803904.58	242801.67	1361.13		
VRTX	834	804834.67	241145.23	180.69		
VRTX	835	804781.30	241502.36	594.70		
VRTX	836	804736.30	241803.46	1013.71		
VRTX	837	804674.28	242218.47	1367.58		
VRTX	838	805788.29	239754.21	137.49		
VRTX	839	805795.44	239829.02	97.28		
VRTX	840	805743.23	240055.73	495.54		
VRTX	841	805623.83	240854.70	1014.41		
VRTX	842	805560.67	241277.29	1364.77		
VRTX	843	799654.81	243634.70	88.99		
VRTX	844	800054.97	243695.32	395.82		
VRTX	845	800096.74	243700.74	519.05		
VRTX	846	801112.04	243852.47	1060.81		
VRTX	847	802339.93	244035.97	1377.01		
VRTX	848	803256.00	244172.87	1588.23		
VRTX	849	804122.65	244302.74	1899.79		
VRTX	850	804940.43	244424.60	2124.90		
VRTX	851	805843.82	244559.61	2450.26		
VRTX	852	806529.87	244662.14	2816.20		
VRTX	853	808642.01	244977.78	3692.85		
VRTX	854	800120.63	243363.06	153.97		
VRTX	855	801254.66	243533.39	994.35		
VRTX	856	801259.97	243533.33	1083.09		
VRTX	857	801860.56	243623.38	1219.67		
VRTX	858	802436.41	243709.14	1403.61		
VRTX	859	803312.06	243840.00	1533.72		
VRTX	860	804172.51	243969.06	1864.99		
VRTX	861	804298.22	243987.38	1963.61		
VRTX	862	805134.11	244112.29	2046.31		
VRTX	863	805427.34	244156.12	2112.28		
VRTX	864	806033.33	244246.68	2361.92		
VRTX	865	806672.20	244342.15	2748.99		
VRTX	866	798851.20	247761.27	119.87		
VRTX	867	799666.75	247883.15	518.85		
VRTX	868	800565.27	248017.47	1029.12		
VRTX	869	800857.73	248061.13	1199.98		
VRTX	870	801237.69	248118.05	1382.40		
VRTX	871	801342.17	248133.53	1448.72		
VRTX	872	803073.33	248392.24	2430.85		
VRTX	873	805319.19	248727.88	3616.28		
VRTX	874	798919.19	246848.79	113.44		
VRTX	875	799193.08	246889.72	414.18		
VRTX	876	799606.63	246951.53	677.17		
VRTX	877	800188.14	247038.43	855.96		
VRTX	878	800650.89	247107.64	1029.12		
VRTX	879	800689.30	247113.33	1048.97		
VRTX	880	801506.80	247235.45	1382.40		
VRTX	881	801706.88	247265.40	1458.04		
VRTX	882	803163.91	247483.14	1972.20		
VRTX	883	803636.75	247554.05	2108.97		
VRTX	884	804671.15	247708.39	2481.52		
VRTX	885	801250.85	243558.87	1019.54		
VRTX	886	801382.09	242680.71	150.91		
VRTX	887	799222.04	244151.41	137.07		
VRTX	888	799906.20	244253.65	635.03		
VRTX	889	799970.09	244263.34	647.01		
VRTX	890	800991.35	244416.22	1029.12		
VRTX	891	801001.74	244417.38	1069.95		
VRTX	892	802630.53	244660.79	1545.02		
VRTX	893	803959.85	244859.45	1962.73		
VRTX	894	804037.70	244871.17	1975.41		
VRTX	895	804586.99	244953.17	2130.54		
VRTX	896	804839.75	244990.94	2213.05		
VRTX	897	806937.22	245304.40	3055.76		
VRTX	898	807339.83	245364.57	3209.54		
VRTX	899	808894.06	245596.84	3780.43		
VRTX	900	800083.00	243507.79	141.53		
VRTX	901	800054.21	243700.44	402.77		
VRTX	902	802063.30	242266.72	106.26		
VRTX	903	801970.42	242888.21	658.06		
VRTX	904	801891.41	243416.93	1134.86		
VRTX	905	801859.01	243633.70	1223.91		
VRTX	906	804591.67	241164.28	107.06		
VRTX	907	804522.93	241624.25	518.43		
VRTX	908	804452.47	242095.76	1002.41		
VRTX	909	804361.32	242705.67	1442.42		
VRTX	910	804287.26	243201.24	1757.29		
VRTX	911	804174.38	243956.53	1863.68		
VRTX	912	804122.99	244300.42	1899.48		
VRTX	913	804033.31	244900.52	1979.31		
VRTX	914	803970.44	245321.18	1956.55		
VRTX	915	803666.89	247352.40	2095.94		
VRTX	916	803631.92	247586.41	2111.06		
VRTX	917	801031.30	244010.40	1029.12		
VRTX	918	800959.21	244742.72	1029.12		
VRTX	919	801036.56	245185.87	1029.12		
VRTX	920	800746.14	246167.94	1029.12		
VRTX	921	800675.61	246930.80	1029.12		
VRTX	922	800541.96	247886.66	1029.12		
VRTX	923	800686.85	248699.96	1029.12		
VRTX	924	800635.10	248996.48	1029.12		
VRTX	925	800160.50	249706.10	1029.12		
VRTX	926	799686.55	250666.75	1029.12		
VRTX	927	799283.72	251948.39	1029.12		
VRTX	928	799107.47	253022.72	1029.12		
VRTX	929	801866.63	245371.26	1382.40		
VRTX	930	801700.87	246410.58	1382.40		
VRTX	931	801455.56	247453.25	1382.40		
VRTX	932	800954.71	248981.53	1382.40		
VRTX	933	800831.06	249650.38	1382.40		
VRTX	934	800437.03	250167.74	1382.40		
VRTX	935	799820.25	251185.22	1382.40		
VRTX	936	799601.22	251640.33	1382.40		
VRTX	937	799584.31	252115.43	1382.40		
VRTX	938	799654.34	253041.58	1382.40		
VRTX	939	799736.56	253685.29	1382.40		
VRTX	940	799414.60	254289.20	1382.40		
VRTX	941	799300.38	254572.96	1382.40		
VRTX	942	812495.20	294660.46	5452.80		
VRTX	943	812876.69	291784.87	5452.80		
VRTX	944	813254.53	289465.84	5452.80		
VRTX	945	813458.01	287403.00	5452.80		
VRTX	946	814064.71	284417.00	5452.80		
VRTX	947	814202.82	281788.75	5452.80		
VRTX	948	813071.37	279206.73	5452.80		
VRTX	949	810634.05	276944.83	5452.80		
VRTX	950	808082.30	275016.41	5452.80		
VRTX	951	806629.38	272741.35	5452.80		
VRTX	952	805399.88	269311.22	5452.80		
VRTX	953	805260.13	265602.91	5452.80		
VRTX	954	805352.90	260671.05	5452.80		
VRTX	955	805888.80	256631.52	5452.80		
VRTX	956	806193.97	254860.23	5452.80		
VRTX	957	807051.28	253159.68	5452.80		
VRTX	958	809425.17	250608.97	5452.80		
VRTX	959	812331.23	247221.26	5452.80		
VRTX	960	812923.34	246461.55	5452.80		
VRTX	961	814216.57	244120.55	5452.80		
VRTX	962	815328.13	243148.88	5452.80		
VRTX	963	817073.57	241631.74	5452.80		
VRTX	964	818524.78	240216.17	5452.80		
VRTX	965	819654.50	239107.56	5452.80		
VRTX	966	820622.60	237630.09	5452.80		
VRTX	967	821975.75	235366.40	5452.80		
VRTX	968	823176.36	232665.37	5452.80		
VRTX	969	825272.32	231680.56	5452.80		
VRTX	970	826067.98	226212.08	5452.80		
VRTX	971	805077.60	240420.80	97.28		
VRTX	972	805620.04	239955.67	97.28		
VRTX	973	806953.66	238992.65	97.28		
VRTX	974	807862.50	238082.16	97.28		
VRTX	975	808348.03	237578.54	97.28		
VRTX	976	809024.86	236404.49	97.28		
VRTX	977	809355.90	235843.24	97.28		
VRTX	978	809263.47	234136.34	97.28		
VRTX	979	809640.81	231623.09	97.28		
VRTX	980	809803.03	231055.81	97.28		
VRTX	981	809841.40	230682.08	97.28		
VRTX	982	808567.05	229886.32	97.28		
VRTX	983	807944.51	229436.88	97.28		
VRTX	984	807346.99	229019.57	97.28		
VRTX	985	807581.54	227840.13	97.28		
VRTX	986	807780.10	226190.51	97.28		
VRTX	987	808165.40	224005.77	97.28		
VRTX	988	794134.77	291740.49	25.60		
TRGL	390	397	384			
TRGL	3	807	2			
TRGL	0	978	1			
TRGL	2	1	6			
TRGL	6	7	2			
TRGL	6	1	978			
TRGL	3	2	7			
TRGL	223	976	11			
TRGL	7	8	3			
TRGL	5	223	6			
TRGL	8	9	3			
TRGL	12	13	6			
TRGL	9	15	32			
TRGL	4	3	9			
TRGL	7	6	13			
TRGL	10	975	17			
TRGL	17	224	10			
TRGL	13	14	7			
TRGL	8	7	14			
TRGL	14	15	8			
TRGL	19	20	224			
TRGL	11	224	12			
TRGL	24	32	15			
TRGL	9	8	15			
TRGL	12	224	20			
TRGL	210	974	26			
TRGL	20	21	12			
TRGL	17	210	27			
TRGL	13	12	21			
TRGL	28	225	27			
TRGL	21	22	13			
TRGL	14	13	22			
TRGL	18	225	19			
TRGL	22	23	14			
TRGL	19	225	29			
TRGL	15	14	23			
TRGL	20	19	29			
TRGL	963	964	32			
TRGL	24	15	23			
TRGL	29	30	20			
TRGL	33	34	25			
TRGL	26	25	34			
TRGL	21	20	30			
TRGL	34	35	26			
TRGL	30	31	21			
TRGL	27	26	35			
TRGL	22	21	31			
TRGL	35	36	27			
TRGL	23	22	31			
TRGL	58	70	49			
TRGL	31	32	23			
TRGL	24	23	32			
TRGL	28	226	29			
TRGL	25	26	974			
TRGL	37	29	226			
TRGL	37	38	29			
TRGL	232	973	43			
TRGL	30	29	38			
TRGL	33	231	34			
TRGL	38	39	30			
TRGL	45	212	44			
TRGL	31	30	39			
TRGL	39	40	31			
TRGL	212	227	211			
TRGL	40	49	70			
TRGL	32	31	40			
TRGL	35	211	36			
TRGL	50	51	41			
TRGL	42	41	51			
TRGL	43	42	51			
TRGL	36	227	37			
TRGL	51	52	43			
TRGL	48	38	228			
TRGL	37	228	38			
TRGL	44	233	53			
TRGL	39	38	48			
TRGL	54	213	53			
TRGL	48	49	39			
TRGL	55	56	47			
TRGL	32	40	70			
TRGL	40	39	49			
TRGL	45	44	53			
TRGL	839	972	61			
TRGL	50	839	62			
TRGL	46	213	55			
TRGL	62	199	50			
TRGL	47	46	55			
TRGL	48	47	56			
TRGL	63	199	62			
TRGL	56	57	48			
TRGL	64	234	63			
TRGL	57	58	48			
TRGL	53	234	65			
TRGL	49	48	58			
TRGL	65	66	53			
TRGL	258	829	259			
TRGL	54	53	66			
TRGL	55	54	66			
TRGL	66	67	55			
TRGL	67	68	55			
TRGL	68	229	55			
TRGL	68	69	57			
TRGL	58	57	69			
TRGL	70	58	69			
TRGL	59	971	60			
TRGL	958	959	105			
TRGL	250	850	249			
TRGL	83	95	94			
TRGL	245	840	60			
TRGL	94	95	72			
TRGL	61	840	62			
TRGL	95	919	73			
TRGL	201	235	200			
TRGL	74	73	919			
TRGL	86	930	85			
TRGL	215	230	68			
TRGL	93	105	221			
TRGL	98	930	99			
TRGL	102	252	101			
TRGL	99	265	98			
TRGL	77	264	78			
TRGL	102	253	103			
TRGL	880	881	86			
TRGL	214	215	67			
TRGL	82	83	94			
TRGL	94	72	71			
TRGL	95	83	84			
TRGL	73	72	95			
TRGL	97	920	85			
TRGL	96	919	95			
TRGL	919	929	75			
TRGL	96	920	97			
TRGL	97	85	930			
TRGL	88	266	87			
TRGL	101	266	89			
TRGL	265	264	929			
TRGL	101	914	265			
TRGL	99	87	266			
TRGL	252	80	914			
TRGL	91	103	90			
TRGL	89	253	101			
TRGL	91	221	103			
TRGL	81	102	103			
TRGL	65	235	214			
TRGL	104	221	105			
TRGL	164	957	111			
TRGL	959	960	899			
TRGL	230	216	853			
TRGL	106	112	107			
TRGL	112	113	107			
TRGL	114	925	113			
TRGL	108	925	115			
TRGL	116	933	115			
TRGL	108	115	933			
TRGL	116	117	110			
TRGL	122	129	121			
TRGL	111	110	117			
TRGL	129	136	128			
TRGL	268	269	118			
TRGL	269	270	119			
TRGL	293	332	954			
TRGL	121	190	122			
TRGL	270	271	119			
TRGL	271	272	120			
TRGL	125	118	119			
TRGL	120	126	119			
TRGL	133	139	125			
TRGL	125	119	126			
TRGL	186	939	185			
TRGL	123	130	122			
TRGL	143	939	137			
TRGL	187	940	127			
TRGL	129	122	130			
TRGL	124	131	123			
TRGL	130	123	131			
TRGL	124	132	131			
TRGL	276	955	124			
TRGL	953	954	375			
TRGL	133	125	126			
TRGL	126	134	133			
TRGL	134	126	127			
TRGL	127	128	134			
TRGL	130	137	129			
TRGL	134	128	135			
TRGL	135	128	136			
TRGL	136	129	137			
TRGL	131	138	137			
TRGL	160	181	150			
TRGL	137	130	131			
TRGL	138	131	132			
TRGL	132	144	138			
TRGL	138	144	143			
TRGL	134	186	133			
TRGL	139	133	140			
TRGL	141	185	142			
TRGL	137	138	143			
TRGL	340	954	332			
TRGL	936	937	181			
TRGL	166	167	145			
TRGL	157	179	926			
TRGL	146	168	147			
TRGL	168	183	147			
TRGL	182	183	171			
TRGL	171	150	182			
TRGL	116	161	117			
TRGL	152	173	153			
TRGL	153	174	154			
TRGL	161	152	162			
TRGL	162	163	117			
TRGL	163	154	164			
TRGL	155	145	146			
TRGL	156	157	926			
TRGL	146	927	155			
TRGL	181	937	149			
TRGL	151	160	150			
TRGL	156	927	157			
TRGL	176	177	114			
TRGL	115	114	177			
TRGL	152	161	151			
TRGL	115	177	934			
TRGL	160	151	161			
TRGL	153	162	152			
TRGL	117	161	162			
TRGL	162	153	154			
TRGL	144	164	154			
TRGL	111	117	163			
TRGL	163	162	154			
TRGL	132	124	955			
TRGL	956	957	164			
TRGL	111	163	164			
TRGL	139	166	165			
TRGL	145	165	166			
TRGL	140	167	139			
TRGL	146	145	167			
TRGL	166	139	167			
TRGL	169	928	141			
TRGL	168	146	167			
TRGL	168	928	169			
TRGL	149	182	150			
TRGL	141	938	169			
TRGL	170	938	171			
TRGL	143	172	142			
TRGL	171	172	150			
TRGL	151	150	172			
TRGL	171	142	172			
TRGL	143	173	172			
TRGL	151	172	173			
TRGL	143	174	173			
TRGL	173	152	151			
TRGL	144	154	174			
TRGL	153	173	174			
TRGL	174	143	144			
TRGL	175	108	107			
TRGL	107	113	175			
TRGL	176	114	113			
TRGL	113	112	176			
TRGL	178	934	177			
TRGL	176	112	177			
TRGL	112	926	177			
TRGL	160	934	179			
TRGL	161	934	160			
TRGL	159	160	179			
TRGL	178	926	179			
TRGL	179	935	159			
TRGL	159	158	180			
TRGL	180	160	159			
TRGL	158	936	180			
TRGL	149	150	181			
TRGL	181	160	180			
TRGL	182	149	148			
TRGL	148	147	183			
TRGL	170	171	183			
TRGL	183	184	170			
TRGL	182	148	183			
TRGL	184	183	168			
TRGL	184	168	169			
TRGL	169	170	184			
TRGL	186	135	939			
TRGL	141	140	185			
TRGL	136	939	135			
TRGL	134	135	186			
TRGL	186	185	140			
TRGL	140	133	186			
TRGL	127	126	187			
TRGL	189	941	121			
TRGL	128	940	129			
TRGL	187	126	188			
TRGL	126	941	188			
TRGL	189	121	129			
TRGL	189	129	188			
TRGL	119	118	269			
TRGL	120	119	271			
TRGL	190	121	120			
TRGL	107	192	106			
TRGL	874	875	82			
TRGL	191	106	192			
TRGL	108	193	107			
TRGL	192	107	193			
TRGL	110	196	109			
TRGL	871	932	196			
TRGL	108	924	193			
TRGL	194	924	195			
TRGL	110	197	196			
TRGL	85	879	880			
TRGL	195	109	196			
TRGL	197	110	111			
TRGL	267	882	88			
TRGL	198	41	42			
TRGL	42	43	198			
TRGL	198	43	973			
TRGL	199	52	51			
TRGL	51	50	199			
TRGL	63	234	199			
TRGL	200	64	63			
TRGL	63	62	200			
TRGL	64	200	235			
TRGL	200	62	201			
TRGL	246	841	245			
TRGL	203	202	247			
TRGL	241	864	207			
TRGL	862	863	248			
TRGL	851	863	850			
TRGL	103	209	81			
TRGL	208	896	209			
TRGL	210	17	16			
TRGL	16	974	210			
TRGL	26	27	210			
TRGL	211	35	34			
TRGL	47	228	46			
TRGL	212	211	34			
TRGL	34	232	212			
TRGL	45	46	212			
TRGL	213	46	45			
TRGL	45	53	213			
TRGL	54	55	213			
TRGL	66	65	214			
TRGL	214	67	66			
TRGL	68	67	215			
TRGL	206	207	864			
TRGL	69	230	853			
TRGL	236	237	215			
TRGL	238	239	216			
TRGL	219	898	218			
TRGL	240	865	239			
TRGL	241	852	240			
TRGL	220	104	899			
TRGL	852	897	218			
TRGL	105	899	104			
TRGL	92	93	221			
TRGL	104	103	221			
TRGL	221	91	92			
TRGL	222	93	92			
TRGL	92	91	222			
TRGL	222	111	93			
TRGL	223	11	12			
TRGL	12	6	223			
TRGL	224	17	18			
TRGL	18	19	224			
TRGL	11	10	224			
TRGL	225	18	17			
TRGL	17	27	225			
TRGL	28	29	225			
TRGL	226	28	27			
TRGL	226	27	36			
TRGL	36	37	226			
TRGL	36	211	227			
TRGL	227	228	37			
TRGL	228	227	212			
TRGL	212	46	228			
TRGL	47	48	228			
TRGL	229	57	56			
TRGL	56	55	229			
TRGL	229	68	57			
TRGL	230	215	216			
TRGL	217	853	216			
TRGL	69	68	230			
TRGL	231	232	34			
TRGL	33	973	231			
TRGL	231	973	232			
TRGL	232	43	44			
TRGL	44	212	232			
TRGL	233	44	43			
TRGL	233	43	52			
TRGL	52	53	233			
TRGL	234	53	52			
TRGL	52	199	234			
TRGL	64	65	234			
TRGL	65	64	235			
TRGL	202	236	201			
TRGL	215	214	235			
TRGL	236	215	235			
TRGL	235	201	236			
TRGL	202	237	236			
TRGL	203	238	237			
TRGL	216	215	237			
TRGL	237	202	203			
TRGL	216	237	238			
TRGL	238	203	204			
TRGL	205	864	204			
TRGL	217	216	239			
TRGL	239	238	204			
TRGL	208	241	207			
TRGL	209	243	208			
TRGL	240	864	241			
TRGL	103	244	209			
TRGL	243	897	242			
TRGL	241	208	242			
TRGL	244	104	897			
TRGL	242	208	243			
TRGL	243	209	244			
TRGL	244	103	104			
TRGL	220	897	104			
TRGL	841	842	201			
TRGL	886	902	821			
TRGL	259	260	911			
TRGL	247	248	203			
TRGL	834	835	246			
TRGL	204	203	248			
TRGL	251	895	80			
TRGL	260	261	860			
TRGL	207	851	208			
TRGL	894	895	849			
TRGL	81	896	80			
TRGL	209	896	81			
TRGL	252	81	80			
TRGL	79	914	80			
TRGL	252	102	81			
TRGL	90	103	253			
TRGL	102	101	253			
TRGL	253	89	90			
TRGL	89	915	90			
TRGL	254	884	90			
TRGL	111	873	197			
TRGL	255	872	873			
TRGL	254	90	883			
TRGL	830	906	827			
TRGL	827	828	256			
TRGL	909	910	248			
TRGL	825	829	828			
TRGL	263	892	77			
TRGL	262	263	893			
TRGL	261	848	262			
TRGL	262	892	263			
TRGL	263	77	78			
TRGL	78	893	263			
TRGL	264	265	78			
TRGL	77	76	264			
TRGL	76	929	264			
TRGL	265	99	100			
TRGL	100	101	265			
TRGL	100	99	266			
TRGL	88	89	266			
TRGL	266	101	100			
TRGL	88	87	267			
TRGL	272	273	120			
TRGL	277	278	268			
TRGL	269	268	278			
TRGL	190	120	273			
TRGL	278	279	269			
TRGL	273	274	190			
TRGL	270	269	279			
TRGL	122	190	274			
TRGL	279	280	270			
TRGL	274	275	122			
TRGL	271	270	280			
TRGL	123	122	275			
TRGL	280	281	271			
TRGL	275	276	123			
TRGL	272	271	281			
TRGL	285	293	276			
TRGL	124	123	276			
TRGL	268	118	277			
TRGL	281	282	272			
TRGL	277	286	278			
TRGL	286	287	278			
TRGL	273	272	282			
TRGL	279	278	287			
TRGL	274	273	282			
TRGL	287	288	279			
TRGL	282	283	274			
TRGL	280	279	288			
TRGL	283	284	274			
TRGL	281	280	288			
TRGL	275	274	284			
TRGL	288	289	281			
TRGL	284	285	275			
TRGL	282	281	289			
TRGL	340	359	954			
TRGL	276	275	285			
TRGL	289	290	282			
TRGL	286	294	287			
TRGL	294	295	287			
TRGL	283	282	290			
TRGL	295	296	287			
TRGL	290	291	283			
TRGL	288	287	296			
TRGL	284	283	291			
TRGL	296	297	288			
TRGL	291	292	284			
TRGL	297	298	288			
TRGL	285	284	292			
TRGL	289	288	298			
TRGL	322	332	311			
TRGL	293	285	292			
TRGL	290	289	298			
TRGL	302	303	294			
TRGL	295	294	303			
TRGL	298	299	290			
TRGL	303	304	295			
TRGL	291	290	299			
TRGL	304	305	295			
TRGL	299	300	291			
TRGL	296	295	305			
TRGL	292	291	300			
TRGL	305	306	296			
TRGL	300	301	292			
TRGL	297	296	306			
TRGL	310	311	301			
TRGL	293	292	301			
TRGL	306	307	297			
TRGL	302	312	303			
TRGL	312	313	303			
TRGL	307	308	297			
TRGL	304	303	313			
TRGL	298	297	308			
TRGL	313	314	304			
TRGL	308	309	298			
TRGL	305	304	314			
TRGL	299	298	309			
TRGL	314	315	305			
TRGL	309	310	299			
TRGL	306	305	315			
TRGL	300	299	310			
TRGL	315	316	306			
TRGL	301	300	310			
TRGL	293	311	332			
TRGL	293	301	311			
TRGL	316	317	307			
TRGL	307	306	316			
TRGL	308	307	317			
TRGL	323	324	313			
TRGL	314	313	324			
TRGL	317	318	308			
TRGL	315	314	324			
TRGL	309	308	318			
TRGL	324	325	315			
TRGL	318	319	309			
TRGL	316	315	325			
TRGL	319	320	309			
TRGL	325	326	316			
TRGL	310	309	320			
TRGL	317	316	326			
TRGL	320	321	310			
TRGL	326	327	317			
TRGL	321	322	310			
TRGL	318	317	327			
TRGL	311	310	322			
TRGL	323	313	312			
TRGL	327	328	318			
TRGL	333	334	324			
TRGL	328	329	318			
TRGL	325	324	334			
TRGL	319	318	329			
TRGL	326	325	334			
TRGL	329	330	319			
TRGL	334	335	326			
TRGL	320	319	330			
TRGL	327	326	335			
TRGL	321	320	330			
TRGL	328	327	335			
TRGL	330	331	321			
TRGL	335	336	328			
TRGL	336	337	330			
TRGL	322	321	331			
TRGL	366	375	954			
TRGL	322	331	332			
TRGL	333	324	323			
TRGL	329	328	336			
TRGL	341	342	334			
TRGL	330	329	336			
TRGL	331	330	337			
TRGL	335	334	342			
TRGL	342	343	335			
TRGL	337	338	331			
TRGL	336	335	343			
TRGL	338	339	331			
TRGL	343	344	336			
TRGL	344	345	336			
TRGL	332	331	339			
TRGL	332	339	340			
TRGL	350	359	340			
TRGL	366	954	359			
TRGL	341	334	333			
TRGL	337	336	345			
TRGL	341	351	342			
TRGL	351	352	342			
TRGL	345	346	337			
TRGL	343	342	352			
TRGL	346	347	337			
TRGL	352	353	343			
TRGL	338	337	347			
TRGL	344	343	353			
TRGL	347	348	338			
TRGL	353	354	344			
TRGL	348	349	338			
TRGL	345	344	354			
TRGL	339	338	349			
TRGL	354	355	345			
TRGL	349	350	339			
TRGL	346	345	355			
TRGL	340	339	350			
TRGL	341	333	351			
TRGL	355	356	346			
TRGL	351	360	352			
TRGL	360	361	352			
TRGL	347	346	356			
TRGL	353	352	361			
TRGL	356	357	347			
TRGL	361	362	353			
TRGL	348	347	357			
TRGL	354	353	362			
TRGL	357	358	348			
TRGL	362	363	354			
TRGL	349	348	358			
TRGL	355	354	363			
TRGL	356	355	363			
TRGL	350	349	358			
TRGL	375	397	953			
TRGL	350	358	359			
TRGL	357	356	363			
TRGL	367	368	360			
TRGL	361	360	368			
TRGL	363	364	357			
TRGL	368	369	361			
TRGL	358	357	364			
TRGL	362	361	369			
TRGL	364	365	358			
TRGL	369	370	362			
TRGL	371	372	363			
TRGL	359	358	365			
TRGL	359	365	366			
TRGL	360	351	367			
TRGL	370	371	362			
TRGL	376	377	367			
TRGL	368	367	377			
TRGL	363	362	371			
TRGL	372	373	363			
TRGL	369	368	377			
TRGL	377	378	369			
TRGL	364	363	373			
TRGL	370	369	378			
TRGL	373	374	364			
TRGL	378	379	370			
TRGL	365	364	374			
TRGL	371	370	379			
TRGL	372	371	380			
TRGL	374	375	365			
TRGL	366	365	375			
TRGL	375	384	397			
TRGL	379	380	371			
TRGL	385	386	376			
TRGL	380	381	372			
TRGL	377	376	386			
TRGL	378	377	386			
TRGL	373	372	381			
TRGL	386	387	378			
TRGL	381	382	373			
TRGL	379	378	387			
TRGL	374	373	382			
TRGL	380	379	387			
TRGL	382	383	374			
TRGL	387	388	380			
TRGL	375	374	383			
TRGL	388	389	382			
TRGL	384	375	383			
TRGL	381	380	388			
TRGL	391	392	385			
TRGL	386	385	392			
TRGL	382	381	388			
TRGL	383	382	389			
TRGL	392	393	386			
TRGL	387	386	393			
TRGL	389	390	383			
TRGL	394	395	388			
TRGL	414	415	405			
TRGL	384	383	390			
TRGL	388	387	393			
TRGL	398	399	392			
TRGL	393	394	388			
TRGL	389	388	395			
TRGL	399	400	392			
TRGL	393	392	400			
TRGL	395	396	389			
TRGL	400	401	393			
TRGL	395	394	402			
TRGL	390	389	396			
TRGL	397	405	415			
TRGL	390	396	397			
TRGL	398	392	391			
TRGL	394	393	401			
TRGL	406	407	399			
TRGL	401	402	394			
TRGL	402	403	395			
TRGL	400	399	407			
TRGL	407	408	400			
TRGL	396	395	403			
TRGL	408	409	400			
TRGL	403	404	396			
TRGL	401	400	409			
TRGL	404	405	396			
TRGL	409	410	401			
TRGL	397	396	405			
TRGL	406	399	398			
TRGL	410	411	401			
TRGL	416	417	407			
TRGL	402	401	411			
TRGL	408	407	417			
TRGL	411	412	402			
TRGL	409	408	417			
TRGL	403	402	412			
TRGL	417	418	409			
TRGL	412	413	403			
TRGL	410	409	418			
TRGL	404	403	413			
TRGL	418	419	410			
TRGL	413	414	404			
TRGL	411	410	419			
TRGL	405	404	414			
TRGL	470	952	458			
TRGL	952	953	425			
TRGL	420	421	412			
TRGL	416	407	406			
TRGL	419	420	411			
TRGL	416	426	417			
TRGL	426	427	417			
TRGL	412	411	420			
TRGL	413	412	421			
TRGL	418	417	427			
TRGL	427	428	418			
TRGL	421	422	413			
TRGL	419	418	428			
TRGL	422	423	413			
TRGL	428	429	419			
TRGL	414	413	423			
TRGL	420	419	430			
TRGL	423	424	414			
TRGL	421	420	431			
TRGL	423	422	433			
TRGL	424	425	414			
TRGL	435	445	425			
TRGL	415	414	425			
TRGL	470	479	952			
TRGL	429	430	419			
TRGL	436	437	426			
TRGL	430	431	420			
TRGL	427	426	437			
TRGL	431	432	421			
TRGL	437	438	427			
TRGL	428	427	438			
TRGL	422	421	432			
TRGL	438	439	428			
TRGL	432	433	422			
TRGL	424	423	433			
TRGL	429	428	439			
TRGL	439	440	430			
TRGL	433	434	424			
TRGL	432	431	441			
TRGL	434	435	424			
TRGL	433	432	443			
TRGL	425	424	435			
TRGL	430	429	439			
TRGL	446	447	436			
TRGL	431	430	440			
TRGL	437	436	447			
TRGL	447	448	437			
TRGL	440	441	431			
TRGL	441	442	432			
TRGL	448	449	437			
TRGL	438	437	449			
TRGL	442	443	432			
TRGL	443	444	433			
TRGL	449	450	438			
TRGL	439	438	450			
TRGL	434	433	444			
TRGL	440	439	451			
TRGL	453	454	442			
TRGL	435	434	444			
TRGL	445	458	952			
TRGL	435	444	445			
TRGL	436	426	446			
TRGL	450	451	439			
TRGL	459	460	446			
TRGL	451	452	440			
TRGL	447	446	460			
TRGL	460	461	447			
TRGL	452	453	440			
TRGL	448	447	461			
TRGL	441	440	453			
TRGL	449	448	461			
TRGL	442	441	453			
TRGL	443	442	454			
TRGL	461	462	449			
TRGL	450	449	462			
TRGL	454	455	443			
TRGL	462	463	450			
TRGL	444	443	455			
TRGL	453	452	464			
TRGL	455	456	444			
TRGL	465	466	454			
TRGL	445	444	456			
TRGL	455	454	467			
TRGL	457	445	456			
TRGL	458	445	457			
TRGL	468	469	455			
TRGL	479	488	952			
TRGL	451	450	463			
TRGL	459	471	460			
TRGL	471	472	460			
TRGL	452	451	463			
TRGL	461	460	472			
TRGL	463	464	452			
TRGL	464	465	453			
TRGL	462	461	472			
TRGL	463	462	472			
TRGL	454	453	465			
TRGL	466	467	454			
TRGL	472	473	463			
TRGL	467	468	455			
TRGL	464	463	473			
TRGL	456	455	469			
TRGL	465	464	474			
TRGL	474	475	466			
TRGL	457	456	469			
TRGL	467	466	475			
TRGL	468	467	476			
TRGL	469	470	457			
TRGL	949	950	709			
TRGL	458	457	470			
TRGL	473	474	464			
TRGL	480	481	471			
TRGL	466	465	474			
TRGL	472	471	481			
TRGL	475	476	467			
TRGL	481	482	472			
TRGL	476	477	468			
TRGL	473	472	482			
TRGL	474	473	483			
TRGL	469	468	477			
TRGL	475	474	484			
TRGL	477	478	469			
TRGL	476	475	485			
TRGL	477	476	486			
TRGL	470	469	478			
TRGL	470	478	479			
TRGL	709	597	949			
TRGL	471	459	480			
TRGL	482	483	473			
TRGL	483	484	474			
TRGL	484	485	475			
TRGL	485	486	476			
TRGL	481	787	482			
TRGL	486	487	477			
TRGL	482	787	483			
TRGL	494	495	789			
TRGL	478	477	487			
TRGL	495	496	789			
TRGL	487	488	478			
TRGL	479	478	488			
TRGL	533	543	509			
TRGL	785	786	480			
TRGL	492	788	787			
TRGL	500	501	489			
TRGL	490	489	501			
TRGL	501	502	490			
TRGL	484	789	485			
TRGL	491	490	502			
TRGL	492	491	502			
TRGL	496	790	789			
TRGL	493	492	503			
TRGL	485	789	790			
TRGL	498	791	497			
TRGL	494	493	504			
TRGL	504	505	495			
TRGL	496	495	505			
TRGL	499	792	791			
TRGL	507	740	506			
TRGL	499	508	509			
TRGL	502	503	492			
TRGL	500	778	501			
TRGL	503	504	493			
TRGL	511	512	778			
TRGL	495	494	504			
TRGL	512	779	778			
TRGL	505	506	496			
TRGL	513	780	779			
TRGL	497	496	506			
TRGL	515	781	514			
TRGL	507	508	498			
TRGL	517	518	782			
TRGL	499	498	508			
TRGL	488	792	509			
TRGL	543	951	509			
TRGL	480	778	500			
TRGL	502	779	503			
TRGL	521	522	511			
TRGL	503	780	504			
TRGL	512	511	522			
TRGL	522	523	512			
TRGL	505	782	506			
TRGL	513	512	523			
TRGL	524	525	513			
TRGL	518	742	782			
TRGL	525	526	514			
TRGL	516	515	526			
TRGL	527	528	516			
TRGL	520	784	783			
TRGL	528	529	517			
TRGL	520	532	533			
TRGL	521	511	510			
TRGL	523	524	513			
TRGL	521	534	522			
TRGL	514	513	525			
TRGL	534	535	522			
TRGL	515	514	526			
TRGL	523	522	535			
TRGL	526	527	516			
TRGL	535	536	523			
TRGL	517	516	528			
TRGL	524	523	536			
TRGL	518	517	529			
TRGL	536	537	524			
TRGL	526	525	537			
TRGL	529	530	518			
TRGL	527	526	538			
TRGL	519	518	530			
TRGL	538	539	527			
TRGL	530	531	519			
TRGL	529	528	539			
TRGL	531	532	519			
TRGL	540	744	539			
TRGL	520	519	532			
TRGL	509	520	533			
TRGL	720	709	950			
TRGL	521	510	534			
TRGL	525	524	537			
TRGL	537	538	526			
TRGL	722	733	732			
TRGL	528	527	539			
TRGL	723	733	722			
TRGL	530	743	531			
TRGL	541	542	531			
TRGL	532	531	542			
TRGL	736	726	747			
TRGL	533	532	542			
TRGL	533	542	543			
TRGL	718	561	719			
TRGL	550	729	549			
TRGL	544	711	545			
TRGL	714	557	715			
TRGL	710	721	552			
TRGL	712	713	545			
TRGL	563	564	552			
TRGL	546	714	547			
TRGL	553	552	564			
TRGL	554	553	564			
TRGL	564	565	554			
TRGL	558	753	715			
TRGL	555	554	565			
TRGL	716	751	715			
TRGL	556	555	566			
TRGL	566	567	556			
TRGL	558	557	567			
TRGL	568	755	558			
TRGL	579	709	570			
TRGL	561	560	569			
TRGL	565	566	555			
TRGL	571	572	563			
TRGL	557	556	567			
TRGL	564	563	572			
TRGL	567	568	558			
TRGL	565	564	572			
TRGL	572	573	565			
TRGL	573	574	566			
TRGL	559	754	560			
TRGL	569	570	561			
TRGL	574	575	567			
TRGL	562	561	570			
TRGL	566	565	573			
TRGL	701	580	702			
TRGL	567	566	574			
TRGL	568	567	575			
TRGL	582	703	702			
TRGL	572	702	703			
TRGL	569	756	577			
TRGL	583	704	703			
TRGL	584	705	704			
TRGL	577	578	569			
TRGL	575	704	705			
TRGL	706	758	707			
TRGL	570	569	578			
TRGL	589	709	588			
TRGL	570	578	579			
TRGL	580	590	581			
TRGL	590	591	581			
TRGL	582	581	591			
TRGL	583	582	592			
TRGL	705	706	576			
TRGL	584	583	593			
TRGL	593	760	584			
TRGL	587	708	707			
TRGL	587	586	595			
TRGL	588	709	708			
TRGL	610	622	947			
TRGL	579	708	709			
TRGL	588	587	596			
TRGL	591	592	582			
TRGL	592	593	583			
TRGL	591	590	599			
TRGL	592	591	600			
TRGL	586	760	595			
TRGL	601	602	592			
TRGL	595	596	587			
TRGL	602	603	593			
TRGL	607	608	596			
TRGL	596	597	588			
TRGL	605	761	604			
TRGL	945	946	795			
TRGL	589	588	597			
TRGL	598	599	590			
TRGL	599	600	591			
TRGL	611	612	598			
TRGL	600	601	592			
TRGL	599	598	612			
TRGL	593	592	602			
TRGL	600	599	613			
TRGL	603	604	593			
TRGL	614	615	600			
TRGL	601	600	615			
TRGL	604	761	593			
TRGL	615	616	602			
TRGL	603	602	616			
TRGL	594	761	595			
TRGL	604	603	617			
TRGL	606	607	595			
TRGL	596	595	607			
TRGL	608	609	596			
TRGL	606	763	619			
TRGL	608	607	620			
TRGL	620	621	609			
TRGL	597	596	609			
TRGL	597	609	610			
TRGL	795	946	700			
TRGL	946	947	622			
TRGL	598	590	611			
TRGL	612	613	599			
TRGL	611	689	612			
TRGL	613	614	600			
TRGL	602	601	615			
TRGL	690	691	612			
TRGL	616	617	603			
TRGL	618	763	617			
TRGL	691	692	613			
TRGL	605	762	606			
TRGL	607	606	619			
TRGL	692	626	693			
TRGL	619	620	607			
TRGL	609	608	620			
TRGL	610	609	621			
TRGL	617	616	764			
TRGL	697	698	619			
TRGL	622	610	621			
TRGL	614	692	615			
TRGL	634	635	624			
TRGL	694	695	616			
TRGL	625	624	635			
TRGL	696	764	695			
TRGL	635	636	625			
TRGL	626	625	636			
TRGL	636	637	627			
TRGL	632	699	698			
TRGL	637	638	628			
TRGL	629	767	630			
TRGL	633	700	699			
TRGL	632	631	641			
TRGL	621	699	700			
TRGL	634	624	623			
TRGL	623	689	665			
TRGL	627	626	636			
TRGL	628	627	637			
TRGL	643	644	635			
TRGL	638	767	628			
TRGL	636	635	644			
TRGL	630	767	640			
TRGL	644	645	636			
TRGL	645	646	637			
TRGL	631	630	640			
TRGL	638	637	647			
TRGL	640	641	631			
TRGL	648	649	641			
TRGL	641	642	632			
TRGL	622	700	946			
TRGL	633	632	642			
TRGL	643	635	634			
TRGL	623	665	634			
TRGL	637	636	645			
TRGL	646	647	637			
TRGL	651	652	644			
TRGL	647	769	638			
TRGL	652	653	644			
TRGL	639	768	640			
TRGL	645	644	653			
TRGL	646	645	654			
TRGL	641	640	648			
TRGL	662	663	649			
TRGL	642	641	649			
TRGL	658	659	647			
TRGL	642	649	650			
TRGL	676	688	650			
TRGL	688	795	650			
TRGL	651	644	643			
TRGL	643	634	665			
TRGL	653	654	645			
TRGL	665	666	651			
TRGL	654	655	646			
TRGL	652	651	666			
TRGL	666	667	652			
TRGL	655	656	646			
TRGL	653	652	667			
TRGL	656	657	646			
TRGL	654	653	667			
TRGL	657	658	646			
TRGL	655	654	668			
TRGL	647	646	658			
TRGL	659	660	647			
TRGL	656	655	668			
TRGL	668	669	656			
TRGL	648	647	660			
TRGL	658	657	669			
TRGL	660	661	648			
TRGL	669	670	659			
TRGL	661	662	648			
TRGL	670	671	660			
TRGL	649	648	662			
TRGL	663	664	649			
TRGL	671	672	661			
TRGL	673	674	663			
TRGL	650	649	664			
TRGL	651	643	665			
TRGL	667	668	654			
TRGL	657	656	669			
TRGL	677	678	666			
TRGL	659	658	669			
TRGL	667	666	678			
TRGL	660	659	670			
TRGL	678	679	667			
TRGL	661	660	671			
TRGL	668	667	679			
TRGL	662	661	672			
TRGL	669	668	680			
TRGL	670	669	681			
TRGL	672	673	662			
TRGL	682	683	670			
TRGL	663	662	673			
TRGL	664	663	674			
TRGL	672	671	684			
TRGL	685	686	673			
TRGL	686	687	674			
TRGL	675	664	674			
TRGL	664	675	676			
TRGL	676	650	664			
TRGL	677	666	665			
TRGL	679	680	668			
TRGL	677	793	678			
TRGL	680	681	669			
TRGL	678	793	679			
TRGL	681	682	670			
TRGL	679	793	680			
TRGL	671	670	683			
TRGL	680	793	681			
TRGL	793	794	681			
TRGL	683	684	671			
TRGL	673	672	684			
TRGL	682	681	794			
TRGL	683	682	794			
TRGL	684	685	673			
TRGL	674	673	686			
TRGL	675	674	687			
TRGL	685	794	686			
TRGL	686	794	687			
TRGL	687	794	688			
TRGL	676	675	687			
TRGL	676	687	688			
TRGL	623	690	689			
TRGL	690	623	624			
TRGL	624	691	690			
TRGL	612	689	690			
TRGL	691	624	625			
TRGL	625	692	691			
TRGL	613	612	691			
TRGL	692	625	626			
TRGL	627	693	626			
TRGL	614	613	692			
TRGL	693	616	615			
TRGL	615	692	693			
TRGL	628	694	627			
TRGL	694	616	693			
TRGL	693	627	694			
TRGL	629	766	628			
TRGL	695	764	616			
TRGL	694	628	695			
TRGL	630	697	765			
TRGL	696	765	697			
TRGL	697	630	631			
TRGL	619	764	697			
TRGL	631	632	698			
TRGL	620	619	698			
TRGL	698	697	631			
TRGL	699	621	620			
TRGL	620	698	699			
TRGL	632	633	699			
TRGL	700	633	642			
TRGL	642	795	700			
TRGL	622	621	700			
TRGL	581	702	580			
TRGL	702	572	571			
TRGL	571	701	702			
TRGL	581	582	702			
TRGL	703	574	573			
TRGL	573	572	703			
TRGL	582	583	703			
TRGL	704	575	574			
TRGL	574	703	704			
TRGL	583	584	704			
TRGL	705	584	585			
TRGL	576	575	705			
TRGL	586	707	758			
TRGL	577	576	706			
TRGL	707	578	577			
TRGL	577	706	707			
TRGL	586	587	707			
TRGL	708	579	578			
TRGL	578	707	708			
TRGL	587	588	708			
TRGL	709	589	597			
TRGL	796	945	795			
TRGL	562	570	709			
TRGL	710	552	553			
TRGL	554	711	553			
TRGL	711	544	710			
TRGL	710	553	711			
TRGL	554	712	711			
TRGL	712	554	555			
TRGL	556	713	555			
TRGL	545	711	712			
TRGL	557	714	556			
TRGL	546	545	713			
TRGL	712	555	713			
TRGL	714	546	713			
TRGL	713	556	714			
TRGL	558	715	557			
TRGL	715	548	547			
TRGL	547	714	715			
TRGL	559	753	558			
TRGL	715	751	548			
TRGL	752	753	717			
TRGL	717	718	550			
TRGL	550	751	717			
TRGL	561	718	560			
TRGL	551	550	718			
TRGL	717	560	718			
TRGL	562	719	561			
TRGL	551	718	719			
TRGL	562	720	719			
TRGL	543	777	720			
TRGL	562	709	720			
TRGL	597	610	949			
TRGL	544	722	721			
TRGL	721	710	544			
TRGL	722	544	545			
TRGL	545	723	722			
TRGL	535	771	772			
TRGL	546	724	545			
TRGL	723	545	724			
TRGL	546	725	724			
TRGL	724	734	723			
TRGL	725	546	547			
TRGL	547	726	725			
TRGL	725	735	734			
TRGL	726	547	548			
TRGL	736	775	774			
TRGL	727	726	548			
TRGL	548	749	727			
TRGL	728	749	729			
TRGL	550	730	729			
TRGL	737	746	738			
TRGL	730	550	551			
TRGL	551	731	730			
TRGL	739	776	745			
TRGL	719	720	731			
TRGL	776	777	542			
TRGL	731	551	719			
TRGL	721	722	732			
TRGL	536	772	773			
TRGL	723	734	733			
TRGL	724	725	734			
TRGL	735	725	726			
TRGL	735	736	774			
TRGL	727	747	726			
TRGL	538	774	539			
TRGL	736	735	726			
TRGL	540	745	541			
TRGL	730	739	729			
TRGL	738	739	745			
TRGL	730	776	739			
TRGL	541	745	542			
TRGL	738	729	739			
TRGL	740	498	497			
TRGL	497	506	740			
TRGL	740	507	498			
TRGL	742	518	783			
TRGL	741	742	783			
TRGL	507	506	741			
TRGL	519	783	518			
TRGL	742	741	506			
TRGL	506	782	742			
TRGL	743	744	541			
TRGL	541	531	743			
TRGL	530	529	743			
TRGL	540	541	744			
TRGL	744	743	529			
TRGL	529	539	744			
TRGL	539	775	540			
TRGL	745	540	775			
TRGL	737	738	745			
TRGL	729	738	747			
TRGL	746	747	738			
TRGL	737	736	746			
TRGL	747	748	729			
TRGL	746	736	747			
TRGL	748	747	727			
TRGL	748	727	728			
TRGL	728	729	748			
TRGL	549	729	749			
TRGL	728	727	749			
TRGL	749	548	549			
TRGL	750	550	549			
TRGL	549	548	750			
TRGL	750	548	751			
TRGL	716	717	751			
TRGL	751	550	750			
TRGL	716	715	752			
TRGL	752	717	716			
TRGL	753	559	560			
TRGL	560	717	753			
TRGL	752	715	753			
TRGL	569	560	754			
TRGL	559	558	754			
TRGL	754	558	755			
TRGL	755	568	569			
TRGL	755	569	754			
TRGL	756	569	568			
TRGL	568	575	756			
TRGL	756	757	577			
TRGL	576	577	757			
TRGL	757	756	575			
TRGL	757	575	576			
TRGL	758	706	705			
TRGL	758	705	585			
TRGL	585	586	758			
TRGL	759	586	585			
TRGL	585	584	759			
TRGL	759	760	586			
TRGL	594	595	760			
TRGL	759	584	760			
TRGL	760	593	594			
TRGL	761	605	606			
TRGL	606	595	761			
TRGL	594	593	761			
TRGL	762	605	604			
TRGL	604	617	762			
TRGL	618	619	763			
TRGL	763	606	762			
TRGL	762	617	763			
TRGL	764	619	618			
TRGL	618	617	764			
TRGL	696	697	764			
TRGL	765	766	630			
TRGL	765	696	695			
TRGL	766	765	695			
TRGL	695	628	766			
TRGL	629	630	766			
TRGL	767	638	639			
TRGL	639	640	767			
TRGL	629	628	767			
TRGL	648	640	768			
TRGL	639	638	768			
TRGL	768	638	769			
TRGL	769	648	768			
TRGL	770	769	647			
TRGL	770	647	648			
TRGL	770	648	769			
TRGL	732	772	771			
TRGL	771	535	534			
TRGL	771	534	732			
TRGL	536	535	772			
TRGL	772	732	733			
TRGL	733	773	772			
TRGL	537	536	773			
TRGL	773	733	734			
TRGL	734	774	773			
TRGL	734	735	774			
TRGL	774	538	537			
TRGL	537	773	774			
TRGL	775	736	737			
TRGL	737	745	775			
TRGL	539	774	775			
TRGL	542	745	776			
TRGL	776	730	731			
TRGL	731	720	777			
TRGL	543	542	777			
TRGL	777	776	731			
TRGL	510	511	778			
TRGL	779	502	501			
TRGL	501	778	779			
TRGL	512	513	779			
TRGL	780	513	514			
TRGL	514	781	780			
TRGL	503	779	780			
TRGL	781	515	516			
TRGL	516	782	781			
TRGL	504	780	781			
TRGL	782	505	504			
TRGL	504	781	782			
TRGL	516	517	782			
TRGL	783	508	507			
TRGL	507	741	783			
TRGL	519	520	783			
TRGL	784	509	508			
TRGL	508	783	784			
TRGL	784	520	509			
TRGL	489	786	785			
TRGL	785	480	500			
TRGL	785	500	489			
TRGL	786	489	490			
TRGL	490	787	786			
TRGL	481	480	786			
TRGL	787	490	491			
TRGL	491	492	787			
TRGL	481	786	787			
TRGL	788	492	493			
TRGL	493	789	788			
TRGL	483	787	788			
TRGL	789	484	483			
TRGL	483	788	789			
TRGL	493	494	789			
TRGL	790	496	497			
TRGL	497	791	790			
TRGL	486	485	790			
TRGL	791	487	486			
TRGL	486	790	791			
TRGL	498	499	791			
TRGL	792	488	487			
TRGL	487	791	792			
TRGL	499	509	792			
TRGL	793	797	794			
TRGL	677	665	793			
TRGL	794	685	684			
TRGL	684	683	794			
TRGL	798	799	794			
TRGL	642	650	795			
TRGL	688	794	795			
TRGL	798	794	797			
TRGL	795	794	799			
TRGL	799	800	795			
TRGL	800	943	795			
TRGL	801	943	800			
TRGL	802	970	803			
TRGL	803	970	987			
TRGL	807	980	1			
TRGL	2	807	1			
TRGL	984	985	811			
TRGL	4	808	3			
TRGL	816	817	803			
TRGL	807	3	808			
TRGL	4	809	808			
TRGL	962	963	32			
TRGL	70	853	961			
TRGL	802	818	819			
TRGL	964	965	9			
TRGL	813	983	814			
TRGL	807	816	806			
TRGL	815	986	814			
TRGL	803	986	815			
TRGL	814	982	815			
TRGL	815	981	816			
TRGL	808	817	807			
TRGL	803	815	816			
TRGL	809	818	808			
TRGL	802	803	817			
TRGL	816	807	817			
TRGL	818	802	817			
TRGL	817	808	818			
TRGL	810	968	809			
TRGL	9	32	964			
TRGL	819	968	820			
TRGL	854	900	845			
TRGL	845	846	854			
TRGL	76	891	75			
TRGL	822	855	821			
TRGL	823	854	855			
TRGL	826	259	829			
TRGL	824	902	825			
TRGL	856	886	855			
TRGL	824	825	828			
TRGL	257	256	828			
TRGL	828	827	824			
TRGL	829	258	257			
TRGL	257	828	829			
TRGL	825	826	829			
TRGL	257	832	256			
TRGL	830	827	256			
TRGL	830	256	831			
TRGL	831	256	832			
TRGL	258	833	257			
TRGL	247	837	248			
TRGL	832	257	833			
TRGL	860	911	260			
TRGL	245	60	971			
TRGL	245	971	246			
TRGL	247	246	835			
TRGL	834	906	835			
TRGL	832	909	908			
TRGL	836	247	835			
TRGL	833	909	832			
TRGL	837	247	836			
TRGL	907	908	836			
TRGL	838	839	973			
TRGL	50	973	839			
TRGL	59	972	838			
TRGL	61	62	839			
TRGL	840	841	62			
TRGL	61	60	840			
TRGL	840	245	841			
TRGL	246	842	841			
TRGL	201	62	841			
TRGL	842	246	247			
TRGL	842	247	202			
TRGL	202	201	842			
TRGL	72	888	887			
TRGL	821	854	822			
TRGL	843	887	888			
TRGL	822	854	823			
TRGL	889	901	888			
TRGL	846	917	891			
TRGL	846	855	854			
TRGL	848	261	260			
TRGL	260	859	848			
TRGL	847	892	848			
TRGL	249	861	250			
TRGL	262	893	261			
TRGL	205	863	206			
TRGL	250	251	850			
TRGL	251	896	850			
TRGL	851	207	206			
TRGL	206	863	851			
TRGL	852	241	242			
TRGL	242	897	852			
TRGL	217	865	218			
TRGL	70	69	853			
TRGL	217	218	853			
TRGL	857	904	856			
TRGL	822	823	855			
TRGL	885	905	856			
TRGL	857	905	858			
TRGL	825	903	826			
TRGL	826	904	858			
TRGL	847	848	858			
TRGL	858	259	826			
TRGL	859	259	858			
TRGL	858	848	859			
TRGL	859	260	259			
TRGL	258	259	910			
TRGL	861	912	250			
TRGL	249	248	861			
TRGL	860	912	861			
TRGL	862	248	249			
TRGL	249	850	862			
TRGL	863	205	204			
TRGL	204	248	863			
TRGL	862	850	863			
TRGL	239	204	864			
TRGL	205	206	864			
TRGL	864	240	239			
TRGL	865	240	852			
TRGL	852	218	865			
TRGL	217	239	865			
TRGL	866	106	191			
TRGL	192	867	191			
TRGL	867	876	875			
TRGL	866	191	867			
TRGL	193	923	192			
TRGL	867	192	868			
TRGL	870	931	869			
TRGL	868	192	923			
TRGL	869	923	870			
TRGL	196	872	871			
TRGL	87	881	267			
TRGL	870	932	871			
TRGL	872	882	881			
TRGL	872	196	197			
TRGL	197	873	872			
TRGL	873	111	222			
TRGL	873	222	91			
TRGL	91	884	873			
TRGL	874	82	94			
TRGL	866	867	875			
TRGL	83	82	875			
TRGL	875	874	866			
TRGL	83	875	876			
TRGL	876	877	83			
TRGL	877	876	867			
TRGL	868	922	867			
TRGL	84	83	877			
TRGL	878	921	877			
TRGL	879	922	869			
TRGL	84	921	85			
TRGL	878	922	879			
TRGL	869	931	879			
TRGL	86	85	880			
TRGL	871	872	881			
TRGL	87	86	881			
TRGL	880	931	881			
TRGL	267	881	882			
TRGL	872	916	882			
TRGL	89	88	882			
TRGL	883	916	254			
TRGL	884	254	255			
TRGL	255	873	884			
TRGL	91	90	884			
TRGL	885	855	846			
TRGL	846	905	885			
TRGL	885	856	855			
TRGL	821	855	886			
TRGL	71	72	887			
TRGL	888	901	843			
TRGL	888	72	73			
TRGL	890	917	889			
TRGL	888	73	889			
TRGL	889	73	890			
TRGL	891	918	75			
TRGL	76	892	891			
TRGL	847	846	891			
TRGL	890	918	891			
TRGL	76	77	892			
TRGL	262	848	892			
TRGL	847	891	892			
TRGL	79	80	895			
TRGL	849	261	893			
TRGL	893	78	79			
TRGL	894	849	893			
TRGL	79	913	893			
TRGL	895	251	250			
TRGL	250	849	895			
TRGL	896	208	851			
TRGL	851	850	896			
TRGL	251	80	896			
TRGL	897	220	219			
TRGL	219	218	897			
TRGL	243	244	897			
TRGL	898	219	220			
TRGL	220	899	898			
TRGL	853	218	898			
TRGL	853	898	899			
TRGL	105	959	899			
TRGL	899	960	853			
TRGL	900	843	844			
TRGL	844	845	900			
TRGL	900	854	843			
TRGL	901	845	844			
TRGL	844	843	901			
TRGL	901	889	845			
TRGL	886	903	902			
TRGL	824	827	902			
TRGL	825	902	903			
TRGL	886	856	903			
TRGL	857	858	904			
TRGL	904	826	903			
TRGL	903	856	904			
TRGL	847	858	905			
TRGL	857	856	905			
TRGL	905	846	847			
TRGL	830	907	906			
TRGL	834	246	971			
TRGL	835	906	907			
TRGL	830	831	907			
TRGL	907	836	835			
TRGL	831	832	908			
TRGL	837	836	908			
TRGL	908	907	831			
TRGL	833	258	910			
TRGL	909	248	837			
TRGL	837	908	909			
TRGL	861	248	910			
TRGL	909	833	910			
TRGL	910	259	911			
TRGL	911	860	861			
TRGL	911	861	910			
TRGL	849	250	912			
TRGL	912	860	261			
TRGL	912	261	849			
TRGL	894	893	913			
TRGL	913	79	895			
TRGL	913	895	894			
TRGL	914	79	78			
TRGL	78	265	914			
TRGL	101	252	914			
TRGL	915	89	882			
TRGL	915	882	883			
TRGL	883	90	915			
TRGL	883	882	916			
TRGL	916	872	255			
TRGL	255	254	916			
TRGL	917	846	845			
TRGL	845	889	917			
TRGL	890	891	917			
TRGL	74	75	918			
TRGL	918	890	73			
TRGL	918	73	74			
TRGL	919	96	97			
TRGL	98	929	97			
TRGL	75	74	919			
TRGL	920	96	95			
TRGL	920	95	84			
TRGL	84	85	920			
TRGL	921	878	879			
TRGL	879	85	921			
TRGL	84	877	921			
TRGL	922	878	877			
TRGL	877	867	922			
TRGL	868	869	922			
TRGL	195	932	194			
TRGL	869	868	923			
TRGL	923	193	194			
TRGL	109	195	924			
TRGL	194	193	924			
TRGL	924	108	109			
TRGL	175	113	925			
TRGL	114	115	925			
TRGL	925	108	175			
TRGL	155	156	926			
TRGL	178	177	926			
TRGL	926	112	155			
TRGL	148	937	147			
TRGL	156	155	927			
TRGL	927	146	147			
TRGL	928	168	167			
TRGL	928	167	140			
TRGL	140	141	928			
TRGL	76	75	929			
TRGL	919	97	929			
TRGL	98	265	929			
TRGL	930	86	87			
TRGL	87	99	930			
TRGL	98	97	930			
TRGL	880	879	931			
TRGL	931	870	871			
TRGL	871	881	931			
TRGL	195	196	932			
TRGL	932	870	923			
TRGL	923	194	932			
TRGL	933	110	109			
TRGL	109	108	933			
TRGL	933	116	110			
TRGL	116	115	934			
TRGL	178	179	934			
TRGL	934	161	116			
TRGL	158	159	935			
TRGL	935	179	157			
TRGL	935	157	158			
TRGL	936	158	157			
TRGL	157	927	936			
TRGL	181	180	936			
TRGL	927	147	937			
TRGL	148	149	937			
TRGL	937	936	927			
TRGL	142	171	938			
TRGL	170	169	938			
TRGL	938	141	142			
TRGL	142	185	939			
TRGL	136	137	939			
TRGL	939	143	142			
TRGL	940	187	188			
TRGL	188	129	940			
TRGL	128	127	940			
TRGL	120	121	941			
TRGL	189	188	941			
TRGL	941	126	120			
TRGL	801	800	942			
TRGL	943	944	795			
TRGL	796	795	944			
TRGL	947	948	610			
TRGL	948	949	610			
TRGL	950	951	720			
TRGL	415	425	953			
TRGL	488	509	951			
TRGL	543	720	951			
TRGL	951	952	488			
TRGL	425	445	952			
TRGL	397	415	953			
TRGL	954	955	293			
TRGL	276	293	955			
TRGL	955	956	132			
TRGL	144	132	956			
TRGL	957	958	111			
TRGL	164	144	956			
TRGL	93	111	958			
TRGL	105	93	958			
TRGL	960	961	853			
TRGL	32	70	962			
TRGL	961	962	70			
TRGL	4	9	965			
TRGL	961	960	962			
TRGL	962	960	963			
TRGL	965	966	4			
TRGL	966	967	4			
TRGL	809	4	967			
TRGL	810	809	967			
TRGL	810	967	968			
TRGL	968	819	818			
TRGL	818	809	968			
TRGL	969	802	819			
TRGL	906	834	971			
TRGL	60	61	972			
TRGL	839	838	972			
TRGL	972	59	60			
TRGL	41	198	973			
TRGL	33	974	973			
TRGL	973	50	41			
TRGL	974	975	976			
TRGL	33	25	974			
TRGL	975	974	16			
TRGL	16	17	975			
TRGL	10	976	975			
TRGL	977	5	978			
TRGL	10	11	976			
TRGL	5	6	978			
TRGL	977	976	223			
TRGL	977	223	5			
TRGL	0	979	978			
TRGL	976	977	978			
TRGL	0	1	979			
TRGL	806	805	980			
TRGL	979	1	980			
TRGL	980	807	806			
TRGL	806	816	981			
TRGL	815	982	981			
TRGL	981	805	806			
TRGL	805	981	982			
TRGL	983	813	812			
TRGL	812	811	983			
TRGL	982	814	983			
TRGL	812	813	984			
TRGL	985	986	811			
TRGL	984	811	812			
TRGL	985	984	813			
TRGL	813	814	985			
TRGL	986	803	804			
TRGL	804	811	986			
TRGL	985	814	986			
TRGL	804	803	987			
END						
