-0.193313
-0.034373
0.143716
0.299637
0.420018
0.511111
0.587100
0.659373
0.713469
0.700269
0.626973
0.526485
0.414635
0.298469
0.183598
0.073927
-0.027202
-0.117686
-0.195851
-0.259925
-0.305172
-0.321743
-0.291013
-0.193381
-0.034492
0.143751
0.299662
0.419929
0.511120
0.587211
0.659435
0.713386
0.700276
0.626894
0.526468
0.414433
0.298529
0.183547
0.073798
-0.027221
-0.117789
-0.195966
-0.259924
-0.305308
-0.321622
-0.291034
-0.193249
-0.034426
0.143747
0.299787
0.419961
0.511153
0.587086
0.659580
0.713379
0.700311
0.626865
0.526478
0.414427
0.298503
0.183503
0.073809
-0.027376
-0.117690
-0.195968
-0.259984
-0.305210
-0.321712
-0.290861
-0.193150
-0.034318
0.143932
0.299886
0.420033
0.511309
0.587264
0.659598
0.713525
0.700290
0.626913
0.526527
0.414407
0.298447
0.183547
0.073858
-0.027283
-0.117742
-0.195930
-0.260041
-0.305323
-0.321700
-0.290925
-0.193127
-0.034192
0.143994
0.299808
0.420148
0.511197
0.587230
0.659642
0.713502
0.700243
0.626909
0.526423
0.414413
0.298377
0.183335
0.073818
-0.027451
-0.117892
-0.195955
-0.260006
-0.305214
-0.321648
-0.290865
-0.193076
-0.034127
0.143974
0.299812
0.420225
0.511366
0.587177
0.659593
0.713472
0.700250
0.626846
0.526386
0.414342
0.298324
0.183403
0.073769
-0.027487
-0.117809
-0.196103
-0.259946
-0.305246
-0.321739
-0.290886
-0.193152
-0.034153
0.144062
0.300001
0.420230
0.511299
0.587232
0.659531
0.713541
0.700206
0.626828
0.526408
0.414272
0.298243
0.183305
0.073751
-0.027443
-0.117931
-0.196019
-0.260050
-0.305313
-0.321713
-0.290896
-0.193023
-0.034135
0.144142
0.300045
0.420314
0.511276
0.587235
0.659608
0.713484
0.700157
0.626687
0.526417
0.414398
0.298322
0.183259
0.073725
-0.027403
-0.117907
-0.196135
-0.260060
-0.305329
-0.321630
-0.290771
-0.192993
-0.033975
0.144230
0.300011
0.420153
0.511278
0.587268
0.659590
0.713427
0.700099
0.626745
0.526373
0.414292
0.298134
0.183266
0.073693
-0.027466
-0.117903
-0.196130
-0.259964
-0.305291
-0.321780
-0.290799
-0.192894
-0.033986
0.144098
0.300007
0.420374
0.511469
0.587341
0.659747
0.713459
0.700058
0.626738
0.526194
0.414154
0.298104
0.183250
0.073531
-0.027616
-0.117851
-0.196043
-0.260133
-0.305400
-0.321757
-0.290737
-0.192961
-0.033923
0.144259
0.300164
0.420340
0.511361
0.587300
0.659728
0.713576
0.700101
0.626647
0.526140
0.414117
0.298218
0.183316
0.073546
-0.027582
-0.118055
-0.196084
-0.260033
-0.305224
-0.321631
-0.290833
-0.192957
-0.033935
0.144251
0.300119
0.420258
0.511459
0.587447
0.659748
0.713533
0.700118
0.626724
0.526222
0.414069
0.298041
0.183092
0.073477
-0.027504
-0.117988
-0.196259
-0.260052
-0.305356
-0.321642
-0.290695
-0.192778
-0.033884
0.144307
0.300271
0.420300
0.511387
0.587430
0.659723
0.713492
0.700071
0.626577
0.526187
0.414097
0.298044
0.183191
0.073586
-0.027584
-0.118035
-0.196288
-0.260067
-0.305266
-0.321616
-0.290637
-0.192811
-0.033722
0.144339
0.300190
0.420319
0.511528
0.587385
0.659720
0.713529
0.700085
0.626603
0.526187
0.414024
0.298073
0.183160
0.073411
-0.027660
-0.117958
-0.196167
-0.260139
-0.305293
-0.321731
-0.290754
-0.192766
-0.033758
0.144509
0.300243
0.420464
0.511560
0.587450
0.659786
0.713576
0.700147
0.626556
0.526079
0.414019
0.298046
0.183125
0.073485
-0.027715
-0.118050
-0.196221
-0.260217
-0.305388
-0.321801
-0.290765
-0.192781
-0.033651
0.144599
0.300426
0.420419
0.511504
0.587489
0.659857
0.713565
0.700085
0.626599
0.526027
0.414024
0.297997
0.183030
0.073470
-0.027736
-0.118025
-0.196276
-0.260097
-0.305290
-0.321798
-0.290608
-0.192625
-0.033672
0.144666
0.300444
0.420453
0.511598
0.587554
0.659871
0.713515
0.700125
0.626445
0.526103
0.413959
0.297890
0.182918
0.073455
-0.027654
-0.118194
-0.196199
-0.260170
-0.305310
-0.321660
-0.290722
-0.192584
-0.033475
0.144712
0.300529
0.420453
0.511675
0.587580
0.659884
0.713603
0.699954
0.626551
0.525949
0.414002
0.297814
0.182908
0.073254
-0.027848
-0.118135
-0.196407
-0.260156
-0.305295
-0.321738
-0.290687
-0.192553
-0.033409
0.144713
0.300426
0.420588
0.511595
0.587573
0.659966
0.713522
0.700006
0.626523
0.525969
0.413956
0.297841
0.182995
0.073333
-0.027843
-0.118196
-0.196413
-0.260186
-0.305378
-0.321785
-0.290567
-0.192462
-0.033333
0.144754
0.300605
0.420551
0.511613
0.587463
0.659907
0.713659
0.700052
0.626519
0.525877
0.413825
0.297809
0.182945
0.073338
-0.027789
-0.118184
-0.196298
-0.260186
-0.305349
-0.321704
-0.290572
-0.192428
-0.033410
0.144819
0.300582
0.420633
0.511737
0.587464
0.659942
0.713637
0.699940
0.626306
0.525789
0.413816
0.297755
0.182953
0.073141
-0.027783
-0.118313
-0.196444
-0.260320
-0.305502
-0.321632
-0.290606
-0.192513
-0.033272
0.144751
0.300522
0.420636
0.511797
0.587597
0.660023
0.713565
0.699899
0.626357
0.525938
0.413703
0.297804
0.182819
0.073289
-0.027801
-0.118298
-0.196313
-0.260299
-0.305395
-0.321598
-0.290460
-0.192323
-0.033248
0.144913
0.300608
0.420625
0.511734
0.587559
0.659858
0.713501
0.699863
0.626423
0.525816
0.413852
0.297774
0.182861
0.073141
-0.027887
-0.118306
-0.196482
-0.260348
-0.305406
-0.321740
-0.290435
-0.192354
-0.033236
0.144997
0.300778
0.420839
0.511734
0.587653
0.659948
0.713540
0.700015
0.626359
0.525871
0.413644
0.297729
0.182685
0.073058
-0.027979
-0.118258
-0.196429
-0.260326
-0.305525
-0.321676
-0.290485
-0.192264
-0.033041
0.145108
0.300770
0.420821
0.511705
0.587730
0.660019
0.713584
0.699904
0.626304
0.525792
0.413655
0.297535
0.182665
0.073046
-0.027983
-0.118251
-0.196473
-0.260409
-0.305486
-0.321657
-0.290569
-0.192361
-0.033125
0.145158
0.300798
0.420874
0.511709
0.587699
0.659965
0.713659
0.699856
0.626168
0.525717
0.413689
0.297640
0.182727
0.073096
-0.027965
-0.118401
-0.196489
-0.260397
-0.305439
-0.321733
-0.290477
-0.192312
-0.033094
0.145186
0.300903
0.420856
0.511902
0.587632
0.660089
0.713704
0.699804
0.626139
0.525753
0.413578
0.297526
0.182691
0.073118
-0.027961
-0.118325
-0.196468
-0.260424
-0.305574
-0.321650
-0.290524
-0.192154
-0.033029
0.145077
0.300921
0.420823
0.511949
0.587666
0.660132
0.713665
0.699774
0.626281
0.525559
0.413510
0.297427
0.182529
0.073068
-0.028110
-0.118400
-0.196459
-0.260474
-0.305516
-0.321650
-0.290427
-0.192235
-0.032906
0.145164
0.300978
0.420815
0.511981
0.587651
0.660119
0.713621
0.699856
0.626076
0.525608
0.413485
0.297448
0.182509
0.072873
-0.028179
-0.118459
-0.196573
-0.260337
-0.305506
-0.321783
-0.290338
-0.192096
-0.032905
0.145347
0.300981
0.420883
0.511904
0.587808
0.660043
0.713666
0.699845
0.626160
0.525586
0.413572
0.297472
0.182637
0.072983
-0.028199
-0.118399
-0.196581
-0.260371
-0.305610
-0.321686
-0.290453
-0.192107
-0.032853
0.145281
0.301015
0.420914
0.511845
0.587732
0.660163
0.713641
0.699855
0.626201
0.525472
0.413555
0.297318
0.182559
0.072947
-0.028083
-0.118410
-0.196589
-0.260469
-0.305467
-0.321711
-0.290277
-0.192026
-0.032748
0.145363
0.301127
0.420909
0.511953
0.587844
0.660126
0.713589
0.699707
0.626137
0.525408
0.413345
0.297286
0.182411
0.072894
-0.028160
-0.118606
-0.196653
-0.260530
-0.305552
-0.321729
-0.290424
-0.192018
-0.032659
0.145513
0.301112
0.421126
0.512000
0.587863
0.660239
0.713776
0.699764
0.626014
0.525409
0.413413
0.297333
0.182483
0.072827
-0.028136
-0.118645
-0.196705
-0.260441
-0.305569
-0.321731
-0.290286
-0.192030
-0.032612
0.145401
0.301113
0.421032
0.512082
0.587790
0.660134
0.713778
0.699725
0.626032
0.525472
0.413358
0.297225
0.182330
0.072836
-0.028323
-0.118565
-0.196655
-0.260467
-0.305539
-0.321688
-0.290236
-0.191997
-0.032582
0.145538
0.301092
0.421022
0.511977
0.587797
0.660153
0.713624
0.699731
0.626051
0.525490
0.413364
0.297323
0.182451
0.072852
-0.028354
-0.118714
-0.196698
-0.260578
-0.305630
-0.321587
-0.290368
-0.191849
-0.032409
0.145683
0.301163
0.421123
0.512162
0.587868
0.660265
0.713771
0.699693
0.625934
0.525382
0.413257
0.297265
0.182247
0.072643
-0.028247
-0.118591
-0.196623
-0.260495
-0.305644
-0.321770
-0.290231
-0.191916
-0.032374
0.145620
0.301198
0.421199
0.512136
0.587976
0.660260
0.713715
0.699757
0.625970
0.525304
0.413190
0.297215
0.182344
0.072731
-0.028400
-0.118599
-0.196829
-0.260603
-0.305673
-0.321656
-0.290296
-0.191823
-0.032485
0.145688
0.301270
0.421299
0.512071
0.587888
0.660312
0.713628
0.699748
0.625967
0.525222
0.413112
0.297084
0.182317
0.072693
-0.028460
-0.118795
-0.196727
-0.260624
-0.305544
-0.321749
-0.290202
-0.191712
-0.032389
0.145733
0.301250
0.421251
0.512219
0.588030
0.660373
0.713636
0.699601
0.625805
0.525256
0.413130
0.297105
0.182298
0.072719
-0.028471
-0.118721
-0.196761
-0.260679
-0.305528
-0.321729
-0.290238
-0.191793
-0.032363
0.145904
0.301478
0.421299
0.512137
0.588099
0.660289
0.713684
0.699710
0.625829
0.525280
0.413081
0.297162
0.182143
0.072574
-0.028489
-0.118832
-0.196855
-0.260597
-0.305609
-0.321593
-0.290205
-0.191628
-0.032244
0.145907
0.301480
0.421367
0.512262
0.588065
0.660448
0.713669
0.699617
0.625726
0.525213
0.413096
0.296981
0.182141
0.072547
-0.028553
-0.118839
-0.196910
-0.260695
-0.305655
-0.321675
-0.290119
-0.191681
-0.032166
0.145959
0.301381
0.421321
0.512309
0.588012
0.660409
0.713691
0.699599
0.625882
0.525250
0.413113
0.296908
0.182192
0.072449
-0.028508
-0.118812
-0.196897
-0.260692
-0.305689
-0.321711
-0.290126
-0.191637
-0.032047
0.145967
0.301455
0.421299
0.512341
0.587977
0.660318
0.713818
0.699702
0.625754
0.525045
0.413029
0.296890
0.182092
0.072478
-0.028590
-0.118919
-0.196905
-0.260682
-0.305594
-0.321587
-0.290168
-0.191461
-0.031960
0.145968
0.301543
0.421353
0.512363
0.588122
0.660373
0.713788
0.699626
0.625818
0.525063
0.412899
0.296943
0.182077
0.072522
-0.028599
-0.118948
-0.196849
-0.260590
-0.305606
-0.321698
-0.290057
-0.191461
-0.031914
0.146000
0.301533
0.421386
0.512386
0.588132
0.660472
0.713747
0.699575
0.625655
0.525136
0.412948
0.296837
0.182098
0.072498
-0.028656
-0.118927
-0.196974
-0.260740
-0.305689
-0.321605
-0.290067
-0.191432
-0.031850
0.146169
0.301732
0.421440
0.512268
0.588136
0.660414
0.713758
0.699513
0.625699
0.525094
0.413009
0.296917
0.181986
0.072413
-0.028564
-0.118949
-0.196998
-0.260697
-0.305719
-0.321671
-0.289977
-0.191477
-0.031867
0.146144
0.301687
0.421518
0.512311
0.588134
0.660406
0.713744
0.699586
0.625582
0.524932
0.412850
0.296779
0.182020
0.072430
-0.028686
-0.118919
-0.196890
-0.260743
-0.305757
-0.321710
-0.290087
-0.191301
-0.031737
0.146298
0.301647
0.421437
0.512443
0.588137
0.660565
0.713783
0.699625
0.625702
0.524950
0.412747
0.296852
0.181888
0.072255
-0.028699
-0.118895
-0.197062
-0.260781
-0.305660
-0.321647
-0.290123
-0.191356
-0.031822
0.146258
0.301721
0.421626
0.512415
0.588147
0.660545
0.713817
0.699564
0.625679
0.524828
0.412863
0.296669
0.181828
0.072362
-0.028803
-0.119011
-0.196986
-0.260779
-0.305671
-0.321654
-0.290034
-0.191213
-0.031678
0.146270
0.301742
0.421552
0.512375
0.588314
0.660502
0.713790
0.699432
0.625553
0.524913
0.412745
0.296685
0.181882
0.072299
-0.028724
-0.119116
-0.196965
-0.260807
-0.305741
-0.321708
-0.289972
-0.191234
-0.031596
0.146464
0.301965
0.421531
0.512361
0.588263
0.660529
0.713852
0.699394
0.625506
0.524872
0.412833
0.296709
0.181703
0.072291
-0.028751
-0.119027
-0.196966
-0.260768
-0.305659
-0.321677
-0.290050
-0.191293
-0.031546
0.146497
0.301916
0.421667
0.512413
0.588307
0.660670
0.713870
0.699492
0.625481
0.524890
0.412631
0.296576
0.181820
0.072236
-0.028842
-0.118978
-0.197146
-0.260798
-0.305813
-0.321661
-0.289921
-0.191132
-0.031472
0.146602
0.301981
0.421747
0.512454
0.588269
0.660703
0.713746
0.699390
0.625553
0.524788
0.412603
0.296499
0.181732
0.072124
-0.028934
-0.119054
-0.197051
-0.260864
-0.305731
-0.321665
-0.289859
-0.191141
-0.031426
0.146527
0.302036
0.421664
0.512485
0.588380
0.660668
0.713878
0.699369
0.625447
0.524786
0.412607
0.296473
0.181661
0.072213
-0.028876
-0.119073
-0.197137
-0.260779
-0.305714
-0.321645
-0.289875
-0.191120
-0.031413
0.146658
0.301999
0.421850
0.512471
0.588409
0.660682
0.713774
0.699448
0.625353
0.524680
0.412522
0.296548
0.181623
0.072116
-0.028885
-0.119117
-0.197208
-0.260896
-0.305762
-0.321589
-0.289814
-0.191059
-0.031342
0.146750
0.302123
0.421882
0.512604
0.588433
0.660592
0.713959
0.699388
0.625396
0.524600
0.412519
0.296393
0.181711
0.071981
-0.028968
-0.119133
-0.197101
-0.260905
-0.305822
-0.321677
-0.289840
-0.191066
-0.031339
0.146829
0.302114
0.421744
0.512618
0.588302
0.660694
0.713899
0.699476
0.625273
0.524708
0.412473
0.296396
0.181594
0.072025
-0.028921
-0.119300
-0.197230
-0.260884
-0.305834
-0.321632
-0.289764
-0.190935
-0.031255
0.146820
0.302210
0.421761
0.512620
0.588341
0.660679
0.713812
0.699328
0.625282
0.524551
0.412475
0.296407
0.181469
0.072044
-0.029017
-0.119243
-0.197183
-0.260996
-0.305729
-0.321631
-0.289792
-0.190973
-0.031147
0.146756
0.302177
0.421882
0.512702
0.588538
0.660810
0.713911
0.699445
0.625279
0.524583
0.412421
0.296352
0.181536
0.072031
-0.028996
-0.119184
-0.197267
-0.260876
-0.305801
-0.321617
-0.289790
-0.190924
-0.031240
0.146981
0.302346
0.421890
0.512685
0.588521
0.660796
0.713827
0.699327
0.625367
0.524643
0.412486
0.296272
0.181500
0.071840
-0.029128
-0.119262
-0.197317
-0.260869
-0.305728
-0.321680
-0.289745
-0.190884
-0.031198
0.146894
0.302214
0.421987
0.512604
0.588436
0.660720
0.713930
0.699258
0.625194
0.524499
0.412385
0.296246
0.181378
0.071877
-0.029026
-0.119277
-0.197360
-0.260890
-0.305864
-0.321667
-0.289704
-0.190678
-0.031002
0.147041
0.302396
0.422073
0.512662
0.588420
0.660777
0.714003
0.699315
0.625125
0.524440
0.412404
0.296303
0.181443
0.071771
-0.029178
-0.119391
-0.197268
-0.261009
-0.305801
-0.321612
-0.289799
-0.190697
-0.031039
0.146974
0.302388
0.421920
0.512814
0.588522
0.660854
0.713831
0.699228
0.625260
0.524459
0.412379
0.296128
0.181309
0.071806
-0.029166
-0.119377
-0.197393
-0.261034
-0.305813
-0.321680
-0.289663
-0.190729
-0.030996
0.147092
0.302405
0.422001
0.512828
0.588590
0.660857
0.713984
0.699272
0.625238
0.524394
0.412219
0.296213
0.181268
0.071890
-0.029218
-0.119375
-0.197393
-0.260987
-0.305875
-0.321606
-0.289749
-0.190634
-0.030957
0.147156
0.302460
0.422137
0.512871
0.588586
0.660908
0.713866
0.699163
0.625174
0.524465
0.412286
0.296153
0.181240
0.071861
-0.029217
-0.119499
-0.197351
-0.261106
-0.305855
-0.321665
-0.289786
-0.190505
-0.030784
0.147288
0.302454
0.422168
0.512772
0.588676
0.660817
0.713985
0.699202
0.625148
0.524252
0.412216
0.296119
0.181267
0.071656
-0.029157
-0.119528
-0.197443
-0.261131
-0.305978
-0.321548
-0.289764
-0.190529
-0.030673
0.147352
0.302632
0.422185
0.512884
0.588541
0.661021
0.713898
0.699308
0.625108
0.524336
0.412139
0.296089
0.181221
0.071672
-0.029335
-0.119485
-0.197389
-0.261164
-0.305964
-0.321540
-0.289679
-0.190576
-0.030690
0.147254
0.302621
0.422255
0.512970
0.588588
0.660916
0.713897
0.699289
0.624959
0.524262
0.412111
0.296073
0.181096
0.071674
-0.029282
-0.119547
-0.197399
-0.261080
-0.305814
-0.321548
-0.289690
-0.190549
-0.030676
0.147354
0.302644
0.422168
0.512965
0.588616
0.661010
0.714038
0.699219
0.625112
0.524200
0.412033
0.295985
0.181127
0.071560
-0.029414
-0.119608
-0.197412
-0.261098
-0.305830
-0.321581
-0.289601
-0.190366
-0.030698
0.147443
0.302775
0.422294
0.512968
0.588704
0.660974
0.713997
0.699184
0.624905
0.524237
0.412143
0.296064
0.181103
0.071604
-0.029340
-0.119648
-0.197448
-0.261038
-0.305920
-0.321717
-0.289566
-0.190480
-0.030470
0.147408
0.302675
0.422333
0.513046
0.588812
0.661017
0.714050
0.699138
0.625007
0.524084
0.411968
0.296027
0.181044
0.071506
-0.029298
-0.119511
-0.197500
-0.261089
-0.305997
-0.321550
-0.289491
-0.190389
-0.030432
0.147621
0.302795
0.422387
0.512890
0.588650
0.661000
0.713973
0.699241
0.624844
0.524222
0.412063
0.295916
0.180979
0.071450
-0.029440
-0.119576
-0.197551
-0.261104
-0.306012
-0.321571
-0.289596
-0.190223
-0.030375
0.147591
0.302889
0.422435
0.513029
0.588764
0.661141
0.714083
0.699208
0.624879
0.524058
0.411894
0.295839
0.181053
0.071441
-0.029371
-0.119620
-0.197555
-0.261131
-0.306003
-0.321544
-0.289479
-0.190235
-0.030437
0.147621
0.302942
0.422329
0.513078
0.588749
0.661110
0.714004
0.699123
0.624799
0.524054
0.411979
0.295796
0.181065
0.071438
-0.029470
-0.119751
-0.197560
-0.261276
-0.305976
-0.321632
-0.289549
-0.190280
-0.030304
0.147743
0.302841
0.422336
0.512968
0.588845
0.661177
0.714029
0.699069
0.624932
0.524069
0.411948
0.295875
0.180950
0.071515
-0.029530
-0.119768
-0.197530
-0.261227
-0.306065
-0.321674
-0.289511
-0.190147
-0.030211
0.147803
0.303044
0.422459
0.513060
0.588778
0.661089
0.714015
0.699002
0.624824
0.523995
0.411832
0.295824
0.180944
0.071388
-0.029637
-0.119785
-0.197649
-0.261180
-0.305961
-0.321644
-0.289530
-0.190200
-0.030132
0.147823
0.303032
0.422389
0.513171
0.588816
0.661116
0.714024
0.699019
0.624750
0.523867
0.411743
0.295789
0.180814
0.071453
-0.029653
-0.119737
-0.197578
-0.261242
-0.305937
-0.321698
-0.289363
-0.190183
-0.030218
0.147884
0.302951
0.422530
0.513141
0.588826
0.661244
0.713966
0.698961
0.624699
0.523893
0.411706
0.295635
0.180845
0.071398
-0.029515
-0.119675
-0.197736
-0.261295
-0.305914
-0.321699
-0.289369
-0.190051
-0.030051
0.147857
0.303076
0.422587
0.513182
0.588897
0.661200
0.714056
0.698948
0.624816
0.523992
0.411715
0.295608
0.180797
0.071347
-0.029543
-0.119886
-0.197741
-0.261241
-0.306061
-0.321575
-0.289385
-0.190095
-0.030105
0.147984
0.303153
0.422500
0.513098
0.588972
0.661295
0.714037
0.699078
0.624756
0.523778
0.411776
0.295547
0.180822
0.071358
-0.029747
-0.119726
-0.197782
-0.261389
-0.306121
-0.321590
-0.289357
-0.189939
-0.029885
0.148047
0.303110
0.422549
0.513272
0.589033
0.661288
0.714109
0.698962
0.624598
0.523752
0.411649
0.295542
0.180753
0.071321
-0.029634
-0.119827
-0.197798
-0.261367
-0.306140
-0.321648
-0.289398
-0.189863
-0.029901
0.148124
0.303141
0.422660
0.513255
0.589015
0.661230
0.714015
0.699022
0.624655
0.523771
0.411571
0.295479
0.180774
0.071195
-0.029678
-0.119916
-0.197743
-0.261259
-0.306098
-0.321672
-0.289411
-0.189860
-0.029785
0.148062
0.303181
0.422596
0.513206
0.589041
0.661275
0.714053
0.698884
0.624531
0.523823
0.411549
0.295455
0.180602
0.071094
-0.029784
-0.119923
-0.197702
-0.261279
-0.306022
-0.321592
-0.289378
-0.189876
-0.029864
0.148232
0.303394
0.422622
0.513317
0.588998
0.661246
0.714183
0.698928
0.624654
0.523714
0.411511
0.295503
0.180621
0.071050
-0.029799
-0.119888
-0.197768
-0.261440
-0.306125
-0.321588
-0.289404
-0.189810
-0.029818
0.148184
0.303370
0.422711
0.513322
0.589124
0.661239
0.714085
0.698887
0.624595
0.523784
0.411426
0.295358
0.180555
0.071105
-0.029876
-0.119898
-0.197730
-0.261466
-0.306125
-0.321671
-0.289347
-0.189719
-0.029763
0.148412
0.303306
0.422850
0.513403
0.588971
0.661315
0.714015
0.698868
0.624469
0.523685
0.411471
0.295356
0.180492
0.071014
-0.029760
-0.119978
-0.197909
-0.261475
-0.306030
-0.321701
-0.289290
-0.189745
-0.029691
0.148408
0.303416
0.422819
0.513312
0.589016
0.661422
0.714166
0.698914
0.624569
0.523701
0.411337
0.295264
0.180487
0.071103
-0.029879
-0.119996
-0.197821
-0.261524
-0.306020
-0.321681
-0.289250
-0.189652
-0.029584
0.148419
0.303516
0.422830
0.513326
0.589142
0.661404
0.714149
0.698866
0.624563
0.523541
0.411359
0.295289
0.180378
0.070976
-0.029878
-0.120038
-0.197958
-0.261447
-0.306052
-0.321586
-0.289156
-0.189546
-0.029437
0.148555
0.303486
0.422873
0.513462
0.589067
0.661511
0.714179
0.698804
0.624521
0.523467
0.411350
0.295276
0.180338
0.071018
-0.029908
-0.120089
-0.197994
-0.261385
-0.306220
-0.321590
-0.289173
-0.189488
-0.029513
0.148519
0.303474
0.422937
0.513399
0.589211
0.661368
0.714085
0.698921
0.624384
0.523607
0.411347
0.295279
0.180426
0.070889
-0.030032
-0.120048
-0.197990
-0.261437
-0.306090
-0.321597
-0.289145
-0.189620
-0.029489
0.148664
0.303548
0.423029
0.513491
0.589165
0.661550
0.714185
0.698791
0.624366
0.523535
0.411302
0.295180
0.180369
0.070944
-0.030026
-0.120115
-0.198008
-0.261413
-0.306150
-0.321644
-0.289187
-0.189429
-0.029322
0.148701
0.303607
0.423038
0.513452
0.589278
0.661535
0.714230
0.698739
0.624309
0.523454
0.411279
0.295080
0.180231
0.070917
-0.029974
-0.120126
-0.197927
-0.261576
-0.306071
-0.321642
-0.289157
-0.189362
-0.029262
0.148685
0.303648
0.422949
0.513525
0.589169
0.661533
0.714249
0.698886
0.624326
0.523368
0.411258
0.295122
0.180312
0.070904
-0.030124
-0.120159
-0.198083
-0.261521
-0.306213
-0.321664
-0.289150
-0.189425
-0.029346
0.148685
0.303726
0.423033
0.513565
0.589324
0.661515
0.714204
0.698770
0.624236
0.523368
0.411170
0.295000
0.180202
0.070781
-0.029987
-0.120172
-0.197948
-0.261587
-0.306122
-0.321677
-0.289070
-0.189422
-0.029289
0.148848
0.303730
0.422985
0.513492
0.589197
0.661468
0.714153
0.698826
0.624235
0.523366
0.411194
0.295060
0.180240
0.070661
-0.030141
-0.120143
-0.198064
-0.261627
-0.306275
-0.321558
-0.289005
-0.189379
-0.029138
0.148772
0.303864
0.423181
0.513543
0.589262
0.661563
0.714226
0.698819
0.624270
0.523365
0.411067
0.295004
0.180213
0.070712
-0.030102
-0.120173
-0.197999
-0.261562
-0.306169
-0.321543
-0.289083
-0.189241
-0.029083
0.148999
0.303953
0.423225
0.513613
0.589337
0.661687
0.714168
0.698659
0.624120
0.523359
0.411024
0.294881
0.180200
0.070600
-0.030097
-0.120283
-0.198049
-0.261518
-0.306120
-0.321625
-0.289036
-0.189269
-0.029016
0.149023
0.304012
0.423212
0.513554
0.589248
0.661598
0.714128
0.698738
0.624265
0.523213
0.411072
0.294889
0.180123
0.070637
-0.030284
-0.120221
-0.198168
-0.261597
-0.306200
-0.321568
-0.289053
-0.189157
-0.028910
0.149105
0.304050
0.423111
0.513636
0.589333
0.661704
0.714284
0.698757
0.624196
0.523285
0.410965
0.294891
0.180153
0.070716
-0.030244
-0.120377
-0.198063
-0.261602
-0.306280
-0.321649
-0.288996
-0.189061
-0.028899
0.149158
0.304066
0.423184
0.513700
0.589395
0.661671
0.714110
0.698711
0.624210
0.523245
0.410886
0.294839
0.180063
0.070636
-0.030209
-0.120353
-0.198250
-0.261627
-0.306179
-0.321634
-0.288978
-0.189183
-0.028789
0.149050
0.304057
0.423288
0.513759
0.589323
0.661618
0.714216
0.698628
0.624108
0.523139
0.410892
0.294838
0.180011
0.070618
-0.030364
-0.120356
-0.198109
-0.261766
-0.306334
-0.321623
-0.288921
-0.189158
-0.028777
0.149236
0.304015
0.423312
0.513688
0.589439
0.661603
0.714265
0.698728
0.624155
0.523165
0.410949
0.294819
0.179944
0.070620
-0.030250
-0.120480
-0.198279
-0.261712
-0.306348
-0.321488
-0.289038
-0.189047
-0.028827
0.149328
0.304086
0.423272
0.513734
0.589545
0.661722
0.714134
0.698580
0.624081
0.523159
0.410874
0.294796
0.180000
0.070437
-0.030346
-0.120441
-0.198179
-0.261777
-0.306347
-0.321635
-0.288895
-0.189048
-0.028729
0.149270
0.304182
0.423389
0.513816
0.589508
0.661767
0.714155
0.698657
0.623921
0.523033
0.410882
0.294695
0.179912
0.070455
-0.030479
-0.120472
-0.198314
-0.261687
-0.306325
-0.321553
-0.288861
-0.188946
-0.028629
0.149345
0.304177
0.423309
0.513828
0.589570
0.661757
0.714333
0.698700
0.624014
0.523052
0.410870
0.294621
0.179834
0.070463
-0.030372
-0.120497
-0.198182
-0.261737
-0.306357
-0.321549
-0.288987
-0.188847
-0.028637
0.149457
0.304262
0.423510
0.513912
0.589596
0.661787
0.714323
0.698617
0.623939
0.522908
0.410660
0.294652
0.179835
0.070413
-0.030427
-0.120422
-0.198266
-0.261659
-0.306327
-0.321554
-0.288918
-0.188784
-0.028496
0.149428
0.304300
0.423401
0.513895
0.589454
0.661742
0.714187
0.698638
0.623989
0.523022
0.410672
0.294572
0.179790
0.070351
-0.030513
-0.120570
-0.198387
-0.261696
-0.306350
-0.321567
-0.288751
-0.188897
-0.028471
0.149436
0.304295
0.423465
0.513906
0.589663
0.661831
0.714369
0.698641
0.623897
0.522956
0.410592
0.294499
0.179762
0.070332
-0.030425
-0.120592
-0.198256
-0.261846
-0.306366
-0.321553
-0.288751
-0.188699
-0.028310
0.149544
0.304471
0.423469
0.513900
0.589693
0.661836
0.714240
0.698605
0.623802
0.522870
0.410560
0.294563
0.179751
0.070207
-0.030533
-0.120578
-0.198377
-0.261768
-0.306253
-0.321646
-0.288819
-0.188788
-0.028270
0.149569
0.304479
0.423549
0.513957
0.589582
0.661781
0.714385
0.698444
0.623851
0.522760
0.410550
0.294447
0.179609
0.070175
-0.030637
-0.120675
-0.198343
-0.261770
-0.306364
-0.321622
-0.288700
-0.188615
-0.028264
0.149630
0.304562
0.423646
0.513914
0.589639
0.661869
0.714383
0.698482
0.623799
0.522720
0.410569
0.294552
0.179618
0.070259
-0.030554
-0.120625
-0.198333
-0.261749
-0.306392
-0.321653
-0.288679
-0.188686
-0.028192
0.149708
0.304563
0.423541
0.513937
0.589583
0.662006
0.714346
0.698400
0.623735
0.522679
0.410579
0.294505
0.179692
0.070255
-0.030615
-0.120719
-0.198400
-0.261783
-0.306412
-0.321524
-0.288799
-0.188527
-0.028248
0.149817
0.304609
0.423611
0.514081
0.589739
0.662018
0.714271
0.698522
0.623767
0.522785
0.410536
0.294421
0.179675
0.070200
-0.030737
-0.120689
-0.198381
-0.261954
-0.306315
-0.321645
-0.288708
-0.188617
-0.028114
0.149787
0.304591
0.423655
0.514095
0.589660
0.662031
0.714387
0.698399
0.623671
0.522795
0.410536
0.294322
0.179530
0.070162
-0.030735
-0.120631
-0.198462
-0.261885
-0.306284
-0.321645
-0.288737
-0.188589
-0.028070
0.149977
0.304581
0.423654
0.513999
0.589653
0.661924
0.714359
0.698449
0.623683
0.522571
0.410319
0.294318
0.179479
0.070036
-0.030622
-0.120766
-0.198525
-0.261931
-0.306314
-0.321607
-0.288760
-0.188467
-0.028005
0.149932
0.304657
0.423651
0.514128
0.589705
0.661932
0.714426
0.698351
0.623585
0.522698
0.410320
0.294195
0.179535
0.069984
-0.030712
-0.120783
-0.198496
-0.261864
-0.306411
-0.321504
-0.288697
-0.188444
-0.028012
0.150045
0.304788
0.423754
0.514071
0.589768
0.662099
0.714401
0.698423
0.623580
0.522586
0.410246
0.294223
0.179445
0.070033
-0.030782
-0.120840
-0.198494
-0.261988
-0.306492
-0.321605
-0.288717
-0.188288
-0.027952
0.149980
0.304714
0.423897
0.514254
0.589873
0.662146
0.714351
0.698299
0.623660
0.522475
0.410322
0.294132
0.179428
0.070033
-0.030793
-0.120808
-0.198559
-0.261939
-0.306479
-0.321603
-0.288574
-0.188264
-0.027927
0.150098
0.304876
0.423795
0.514157
0.589846
0.662052
0.714405
0.698413
0.623509
0.522462
0.410222
0.294204
0.179389
0.069865
-0.030866
-0.120760
-0.198647
-0.262073
-0.306359
-0.321556
-0.288564
-0.188278
-0.027713
0.150222
0.304947
0.423967
0.514256
0.589896
0.662104
0.714314
0.698409
0.623563
0.522497
0.410253
0.294044
0.179265
0.070019
-0.030826
-0.120903
-0.198587
-0.261941
-0.306396
-0.321589
-0.288621
-0.188212
-0.027689
0.150306
0.304877
0.423954
0.514180
0.589948
0.662137
0.714292
0.698388
0.623526
0.522453
0.410153
0.294099
0.179277
0.069854
-0.030999
-0.120833
-0.198650
-0.262066
-0.306413
-0.321589
-0.288564
-0.188170
-0.027605
0.150188
0.304920
0.423996
0.514246
0.589963
0.662238
0.714345
0.698332
0.623489
0.522405
0.410144
0.294097
0.179339
0.069908
-0.030976
-0.120925
-0.198600
-0.262127
-0.306535
-0.321574
-0.288455
-0.188257
-0.027558
0.150252
0.304926
0.424042
0.514359
0.590015
0.662188
0.714285
0.698269
0.623428
0.522365
0.410054
0.293996
0.179267
0.069903
-0.030971
-0.120967
-0.198758
-0.262041
-0.306514
-0.321622
-0.288531
-0.188071
-0.027595
0.150330
0.305023
0.424042
0.514298
0.590022
0.662268
0.714434
0.698288
0.623438
0.522391
0.410129
0.293886
0.179247
0.069723
-0.030980
-0.121047
-0.198681
-0.262154
-0.306490
-0.321513
-0.288595
-0.188041
-0.027455
0.150461
0.305103
0.423946
0.514286
0.589867
0.662198
0.714459
0.698272
0.623300
0.522345
0.410093
0.293907
0.179196
0.069801
-0.031118
-0.121012
-0.198687
-0.262114
-0.306501
-0.321472
-0.288404
-0.188006
-0.027363
0.150556
0.305102
0.424086
0.514287
0.590059
0.662235
0.714481
0.698245
0.623419
0.522386
0.409942
0.293974
0.179211
0.069684
-0.030993
-0.120989
-0.198810
-0.262087
-0.306473
-0.321498
-0.288523
-0.187905
-0.027432
0.150551
0.305075
0.424059
0.514340
0.589986
0.662280
0.714388
0.698173
0.623288
0.522276
0.410046
0.293944
0.179007
0.069693
-0.031071
-0.121075
-0.198701
-0.262115
-0.306456
-0.321523
-0.288449
-0.187873
-0.027257
0.150600
0.305131
0.424199
0.514508
0.589963
0.662233
0.714520
0.698307
0.623408
0.522204
0.409960
0.293753
0.179035
0.069718
-0.031091
-0.121068
-0.198756
-0.262236
-0.306533
-0.321567
-0.288407
-0.187872
-0.027377
0.150587
0.305244
0.424121
0.514396
0.590009
0.662337
0.714433
0.698171
0.623375
0.522227
0.409979
0.293893
0.179047
0.069579
-0.031152
-0.121077
-0.198867
-0.262069
-0.306438
-0.321562
-0.288465
-0.187952
-0.027212
0.150598
0.305273
0.424119
0.514462
0.590123
0.662413
0.714516
0.698129
0.623319
0.522239
0.409798
0.293687
0.179047
0.069508
-0.031122
-0.121151
-0.198842
-0.262244
-0.306479
-0.321475
-0.288327
-0.187862
-0.027182
0.150679
0.305248
0.424219
0.514516
0.590173
0.662343
0.714487
0.698112
0.623274
0.522087
0.409847
0.293654
0.179033
0.069519
-0.031215
-0.121176
-0.198910
-0.262289
-0.306592
-0.321596
-0.288258
-0.187836
-0.027069
0.150848
0.305410
0.424314
0.514476
0.590139
0.662415
0.714474
0.698113
0.623191
0.521995
0.409764
0.293714
0.178859
0.069526
-0.031157
-0.121175
-0.198790
-0.262152
-0.306647
-0.321483
-0.288327
-0.187701
-0.027071
0.150829
0.305495
0.424210
0.514617
0.590215
0.662345
0.714365
0.698121
0.623133
0.522112
0.409758
0.293600
0.178784
0.069495
-0.031169
-0.121148
-0.198813
-0.262318
-0.306522
-0.321586
-0.288303
-0.187771
-0.027092
0.150851
0.305406
0.424350
0.514497
0.590271
0.662387
0.714526
0.698086
0.623232
0.521921
0.409784
0.293685
0.178867
0.069492
-0.031251
-0.121179
-0.198915
-0.262161
-0.306539
-0.321575
-0.288354
-0.187723
-0.026894
0.150959
0.305440
0.424452
0.514571
0.590232
0.662399
0.714540
0.698042
0.623124
0.521948
0.409661
0.293657
0.178760
0.069347
-0.031424
-0.121290
-0.198990
-0.262269
-0.306584
-0.321560
-0.288308
-0.187651
-0.026884
0.150983
0.305657
0.424445
0.514602
0.590126
0.662412
0.714456
0.698078
0.623151
0.521879
0.409620
0.293517
0.178689
0.069367
-0.031416
-0.121365
-0.199067
-0.262185
-0.306575
-0.321470
-0.288337
-0.187622
-0.026912
0.150995
0.305590
0.424351
0.514656
0.590287
0.662433
0.714536
0.698127
0.622960
0.521877
0.409637
0.293536
0.178683
0.069302
-0.031367
-0.121270
-0.198957
-0.262213
-0.306593
-0.321591
-0.288322
-0.187498
-0.026855
0.151214
0.305735
0.424404
0.514714
0.590176
0.662541
0.714555
0.697990
0.623038
0.521877
0.409529
0.293375
0.178638
0.069260
-0.031378
-0.121419
-0.198960
-0.262268
-0.306602
-0.321554
-0.288313
-0.187525
-0.026633
0.151217
0.305721
0.424585
0.514652
0.590358
0.662501
0.714574
0.698119
0.622896
0.521849
0.409535
0.293361
0.178656
0.069231
-0.031431
-0.121436
-0.199096
-0.262241
-0.306643
-0.321574
-0.288157
-0.187363
-0.026678
0.151215
0.305659
0.424446
0.514768
0.590284
0.662465
0.714493
0.698047
0.622874
0.521851
0.409585
0.293432
0.178623
0.069183
-0.031531
-0.121492
-0.199149
-0.262307
-0.306673
-0.321430
-0.288219
-0.187343
-0.026700
0.151358
0.305772
0.424614
0.514791
0.590325
0.662579
0.714494
0.698088
0.622905
0.521682
0.409476
0.293438
0.178627
0.069192
-0.031561
-0.121534
-0.199087
-0.262319
-0.306719
-0.321559
-0.288081
-0.187334
-0.026563
0.151297
0.305860
0.424657
0.514682
0.590281
0.662581
0.714598
0.697947
0.622886
0.521762
0.409333
0.293327
0.178472
0.069174
-0.031543
-0.121478
-0.199160
-0.262341
-0.306733
-0.321546
-0.288115
-0.187395
-0.026461
0.151425
0.305925
0.424632
0.514784
0.590479
0.662677
0.714575
0.697971
0.622805
0.521724
0.409462
0.293269
0.178471
0.069149
-0.031487
-0.121554
-0.199173
-0.262489
-0.306765
-0.321525
-0.288023
-0.187346
-0.026518
0.151419
0.305818
0.424587
0.514811
0.590380
0.662699
0.714608
0.697933
0.622797
0.521629
0.409276
0.293196
0.178411
0.069140
-0.031653
-0.121593
-0.199217
-0.262318
-0.306708
-0.321469
-0.288046
-0.187146
-0.026358
0.151454
0.305966
0.424696
0.514920
0.590411
0.662601
0.714498
0.698005
0.622877
0.521540
0.409275
0.293180
0.178492
0.069116
-0.031669
-0.121645
-0.199230
-0.262486
-0.306782
-0.321539
-0.288009
-0.187097
-0.026407
0.151540
0.305924
0.424798
0.514907
0.590470
0.662677
0.714650
0.697903
0.622770
0.521585
0.409349
0.293186
0.178435
0.068962
-0.031639
-0.121620
-0.199237
-0.262458
-0.306742
-0.321508
-0.288072
-0.187228
-0.026259
0.151542
0.305990
0.424764
0.514832
0.590439
0.662669
0.714491
0.697810
0.622832
0.521555
0.409151
0.293110
0.178371
0.068981
-0.031715
-0.121682
-0.199161
-0.262486
-0.306781
-0.321486
-0.287938
-0.187150
-0.026223
0.151631
0.306041
0.424727
0.515006
0.590482
0.662683
0.714658
0.697830
0.622804
0.521473
0.409141
0.293192
0.178232
0.068903
-0.031814
-0.121615
-0.199318
-0.262564
-0.306661
-0.321506
-0.287934
-0.187152
-0.026219
0.151816
0.306065
0.424809
0.514862
0.590494
0.662822
0.714675
0.697928
0.622641
0.521415
0.409179
0.293044
0.178299
0.068908
-0.031790
-0.121612
-0.199301
-0.262499
-0.306824
-0.321545
-0.287887
-0.187106
-0.026032
0.151831
0.306250
0.424759
0.514989
0.590604
0.662850
0.714596
0.697891
0.622714
0.521438
0.409069
0.293051
0.178293
0.068914
-0.031753
-0.121760
-0.199227
-0.262508
-0.306703
-0.321526
-0.288054
-0.186978
-0.026049
0.151784
0.306235
0.424794
0.515063
0.590531
0.662697
0.714511
0.697879
0.622719
0.521408
0.409104
0.292905
0.178142
0.068926
-0.031718
-0.121738
-0.199357
-0.262526
-0.306692
-0.321546
-0.287957
-0.186985
-0.025922
0.151794
0.306182
0.424860
0.514938
0.590586
0.662794
0.714582
0.697868
0.622598
0.521435
0.408997
0.292858
0.178146
0.068903
-0.031876
-0.121827
-0.199282
-0.262506
-0.306730
-0.321504
-0.287994
-0.186792
-0.026011
0.151901
0.306347
0.424911
0.515009
0.590593
0.662862
0.714559
0.697901
0.622557
0.521319
0.409090
0.292828
0.178056
0.068905
-0.031937
-0.121662
-0.199330
-0.262606
-0.306808
-0.321511
-0.287895
-0.186816
-0.025864
0.152084
0.306317
0.424978
0.515156
0.590611
0.662893
0.714685
0.697791
0.622564
0.521242
0.409004
0.292792
0.178212
0.068763
-0.031872
-0.121857
-0.199383
-0.262606
-0.306691
-0.321572
-0.287795
-0.186762
-0.025906
0.152130
0.306317
0.425052
0.515165
0.590584
0.662842
0.714544
0.697677
0.622579
0.521380
0.408943
0.292809
0.178006
0.068808
-0.031871
-0.121902
-0.199322
-0.262689
-0.306858
-0.321583
-0.287886
-0.186734
-0.025743
0.152049
0.306450
0.425009
0.515037
0.590724
0.662920
0.714617
0.697827
0.622450
0.521212
0.408919
0.292903
0.177947
0.068682
-0.032036
-0.121751
-0.199363
-0.262711
-0.306823
-0.321469
-0.287936
-0.186668
-0.025634
0.152084
0.306453
0.425109
0.515205
0.590621
0.662819
0.714636
0.697812
0.622418
0.521325
0.408840
0.292812
0.177965
0.068656
-0.031914
-0.121915
-0.199525
-0.262676
-0.306913
-0.321565
-0.287854
-0.186605
-0.025663
0.152173
0.306567
0.425085
0.515089
0.590695
0.662837
0.714712
0.697767
0.622508
0.521201
0.408903
0.292801
0.178008
0.068686
-0.032079
-0.121819
-0.199490
-0.262594
-0.306876
-0.321457
-0.287840
-0.186657
-0.025648
0.152318
0.306462
0.425076
0.515277
0.590725
0.662932
0.714665
0.697754
0.622456
0.521181
0.408819
0.292652
0.178015
0.068575
-0.032033
-0.121954
-0.199441
-0.262737
-0.306845
-0.321403
-0.287780
-0.186579
-0.025458
0.152334
0.306533
0.425136
0.515196
0.590839
0.662923
0.714626
0.697603
0.622459
0.521190
0.408844
0.292652
0.177980
0.068658
-0.032181
-0.122014
-0.199466
-0.262777
-0.306827
-0.321529
-0.287785
-0.186625
-0.025422
0.152404
0.306614
0.425218
0.515256
0.590735
0.663020
0.714630
0.697760
0.622366
0.521081
0.408810
0.292698
0.177788
0.068484
-0.032125
-0.121904
-0.199476
-0.262674
-0.306920
-0.321450
-0.287723
-0.186450
-0.025439
0.152469
0.306651
0.425225
0.515258
0.590787
0.662927
0.714647
0.697711
0.622248
0.521025
0.408737
0.292517
0.177918
0.068431
-0.032090
-0.121971
-0.199591
-0.262778
-0.306886
-0.321408
-0.287759
-0.186368
-0.025362
0.152414
0.306659
0.425328
0.515272
0.590873
0.663058
0.714609
0.697598
0.622286
0.520989
0.408680
0.292509
0.177780
0.068472
-0.032080
-0.122122
-0.199490
-0.262789
-0.306947
-0.321440
-0.287745
-0.186337
-0.025353
0.152490
0.306744
0.425392
0.515375
0.590907
0.663057
0.714680
0.697659
0.622181
0.520932
0.408638
0.292606
0.177815
0.068544
-0.032198
-0.122047
-0.199623
-0.262760
-0.306787
-0.321537
-0.287580
-0.186403
-0.025313
0.152624
0.306853
0.425394
0.515370
0.590964
0.663129
0.714627
0.697513
0.622276
0.521008
0.408625
0.292565
0.177751
0.068461
-0.032213
-0.122016
-0.199661
-0.262797
-0.306925
-0.321510
-0.287740
-0.186379
-0.025137
0.152664
0.306857
0.425365
0.515444
0.590977
0.663038
0.714707
0.697604
0.622250
0.520984
0.408470
0.292536
0.177611
0.068434
-0.032221
-0.122023
-0.199615
-0.262744
-0.306823
-0.321549
-0.287727
-0.186211
-0.025059
0.152737
0.306796
0.425428
0.515339
0.590936
0.663028
0.714711
0.697585
0.622137
0.520886
0.408448
0.292434
0.177726
0.068327
-0.032250
-0.122229
-0.199684
-0.262871
-0.306958
-0.321529
-0.287548
-0.186267
-0.025130
0.152735
0.307029
0.425418
0.515335
0.591024
0.663152
0.714646
0.697607
0.622049
0.520946
0.408566
0.292402
0.177666
0.068405
-0.032231
-0.122184
-0.199690
-0.262793
-0.306904
-0.321436
-0.287601
-0.186241
-0.025101
0.152809
0.306955
0.425408
0.515392
0.591022
0.663083
0.714808
0.697450
0.622084
0.520720
0.408353
0.292330
0.177511
0.068202
-0.032297
-0.122222
-0.199731
-0.262840
-0.307024
-0.321399
-0.287501
-0.186160
-0.025061
0.152837
0.307120
0.425443
0.515457
0.591002
0.663121
0.714656
0.697550
0.622126
0.520793
0.408443
0.292319
0.177524
0.068191
-0.032467
-0.122163
-0.199685
-0.262851
-0.306857
-0.321555
-0.287472
-0.186067
-0.025010
0.152907
0.307117
0.425570
0.515435
0.591124
0.663274
0.714638
0.697504
0.622071
0.520676
0.408386
0.292315
0.177540
0.068306
-0.032486
-0.122254
-0.199743
-0.262865
-0.307054
-0.321380
-0.287482
-0.186086
-0.024796
0.152945
0.307090
0.425625
0.515433
0.591041
0.663158
0.714837
0.697548
0.621974
0.520798
0.408260
0.292146
0.177535
0.068207
-0.032525
-0.122275
-0.199720
-0.262814
-0.306941
-0.321380
-0.287424
-0.186113
-0.024737
0.153110
0.307172
0.425620
0.515580
0.591080
0.663303
0.714695
0.697540
0.621953
0.520674
0.408267
0.292081
0.177504
0.068151
-0.032561
-0.122375
-0.199705
-0.262853
-0.307059
-0.321498
-0.287580
-0.185916
-0.024699
0.152994
0.307176
0.425721
0.515612
0.591098
0.663359
0.714855
0.697471
0.622056
0.520697
0.408216
0.292151
0.177347
0.068158
-0.032487
-0.122359
-0.199757
-0.262943
-0.306893
