Spectral radius: 0.484243117762
[  1.2384e-02  -1.6731e-01  -6.1232e-16  -6.1232e-16   6.3368e-02  -4.2816e-02   9.1826e-02   1.6731e-01  -1.3160e-01   6.1232e-16   2.9695e-02   5.0821e-03  -1.0717e-01  -4.2816e-02   6.1232e-16   6.1232e-16  -1.7881e-01  -6.1232e-16  -6.1232e-16  -1.1701e-01]
[-0.1649 -0.2223  0.1533  0.1533 -0.1368 -0.1553 -0.1365  0.2223 -0.215  -0.1533  0.0874 -0.1015 -0.2223  0.1513 -0.1533 -0.1533  0.1172  0.1533  0.1533  0.2042]
[-0.3175 -0.2421  0.2857  0.2857 -0.3139 -0.248  -0.3403  0.2421 -0.2676 -0.2857  0.1427 -0.2049 -0.2989  0.3226 -0.2857 -0.2857  0.3883  0.2857  0.2857  0.4641]
[-0.4314 -0.2441  0.3838  0.3838 -0.4418 -0.3118 -0.4881  0.2441 -0.3078 -0.3838  0.191  -0.289  -0.3483  0.4514 -0.3838 -0.3838  0.575   0.3838  0.3838  0.6292]
[-0.502  -0.2407  0.4427  0.4427 -0.5166 -0.3452 -0.5758  0.2407 -0.3351 -0.4427  0.2207 -0.3385 -0.3791  0.5307 -0.4427 -0.4427  0.6774  0.4427  0.4427  0.719 ]
[-0.5286 -0.2251  0.4621  0.4621 -0.5459 -0.3493 -0.6121  0.2251 -0.3368 -0.4621  0.2228 -0.3505 -0.3852  0.5618 -0.4621 -0.4621  0.7199  0.4621  0.4621  0.7566]
[-0.5114 -0.1854  0.4427  0.4427 -0.5355 -0.3233 -0.6045  0.1854 -0.3028 -0.4427  0.198  -0.3282 -0.3561  0.5481 -0.4427 -0.4427  0.7188  0.4427  0.4427  0.753 ]
[-0.4492 -0.1164  0.3838  0.3838 -0.4853 -0.2666 -0.5537  0.1164 -0.2285 -0.3838  0.1521 -0.276  -0.2858  0.4898 -0.3838 -0.3838  0.6769  0.3838  0.3838  0.7063]
[-0.3406 -0.0231  0.2857  0.2857 -0.3908 -0.1814 -0.4541  0.0231 -0.1175 -0.2857  0.0935 -0.1998 -0.1748  0.3836 -0.2857 -0.2857  0.5843  0.2857  0.2857  0.5995]
[-0.1896  0.079   0.1533  0.1533 -0.248  -0.0745 -0.2986 -0.079   0.0127 -0.1533  0.031  -0.1071 -0.0351  0.2302 -0.1533 -0.1533  0.4222  0.1533  0.1533  0.4054]
[ -1.2384e-02   1.6731e-01   2.4499e-15   2.4499e-15  -6.3368e-02   4.2816e-02  -9.1826e-02  -1.6731e-01   1.3160e-01  -2.4499e-15  -2.9695e-02  -5.0821e-03   1.0717e-01   4.2816e-02  -2.4499e-15  -2.4499e-15   1.7881e-01   2.4499e-15   2.4499e-15   1.1701e-01]
[ 0.1649  0.2223 -0.1533 -0.1533  0.1368  0.1553  0.1365 -0.2223  0.215   0.1533 -0.0874  0.1015  0.2223 -0.1513  0.1533  0.1533 -0.1172 -0.1533 -0.1533 -0.2042]
[ 0.3175  0.2421 -0.2857 -0.2857  0.3139  0.248   0.3403 -0.2421  0.2676  0.2857 -0.1427  0.2049  0.2989 -0.3226  0.2857  0.2857 -0.3883 -0.2857 -0.2857 -0.4641]
[ 0.4314  0.2441 -0.3838 -0.3838  0.4418  0.3118  0.4881 -0.2441  0.3078  0.3838 -0.191   0.289   0.3483 -0.4514  0.3838  0.3838 -0.575  -0.3838 -0.3838 -0.6292]
[ 0.502   0.2407 -0.4427 -0.4427  0.5166  0.3452  0.5758 -0.2407  0.3351  0.4427 -0.2207  0.3385  0.3791 -0.5307  0.4427  0.4427 -0.6774 -0.4427 -0.4427 -0.719 ]
[ 0.5286  0.2251 -0.4621 -0.4621  0.5459  0.3493  0.6121 -0.2251  0.3368  0.4621 -0.2228  0.3505  0.3852 -0.5618  0.4621  0.4621 -0.7199 -0.4621 -0.4621 -0.7566]
[ 0.5114  0.1854 -0.4427 -0.4427  0.5355  0.3233  0.6045 -0.1854  0.3028  0.4427 -0.198   0.3282  0.3561 -0.5481  0.4427  0.4427 -0.7188 -0.4427 -0.4427 -0.753 ]
[ 0.4492  0.1164 -0.3838 -0.3838  0.4853  0.2666  0.5537 -0.1164  0.2285  0.3838 -0.1521  0.276   0.2858 -0.4898  0.3838  0.3838 -0.6769 -0.3838 -0.3838 -0.7063]
[ 0.3406  0.0231 -0.2857 -0.2857  0.3908  0.1814  0.4541 -0.0231  0.1175  0.2857 -0.0935  0.1998  0.1748 -0.3836  0.2857  0.2857 -0.5843 -0.2857 -0.2857 -0.5995]
[ 0.1896 -0.079  -0.1533 -0.1533  0.248   0.0745  0.2986  0.079  -0.0127  0.1533 -0.031   0.1071  0.0351 -0.2302  0.1533  0.1533 -0.4222 -0.1533 -0.1533 -0.4054]
[  1.2384e-02  -1.6731e-01  -7.3479e-16  -7.3479e-16   6.3368e-02  -4.2816e-02   9.1826e-02   1.6731e-01  -1.3160e-01   7.3479e-16   2.9695e-02   5.0821e-03  -1.0717e-01  -4.2816e-02   7.3479e-16   7.3479e-16  -1.7881e-01  -7.3479e-16  -7.3479e-16  -1.1701e-01]
[-0.1649 -0.2223  0.1533  0.1533 -0.1368 -0.1553 -0.1365  0.2223 -0.215  -0.1533  0.0874 -0.1015 -0.2223  0.1513 -0.1533 -0.1533  0.1172  0.1533  0.1533  0.2042]
[-0.3175 -0.2421  0.2857  0.2857 -0.3139 -0.248  -0.3403  0.2421 -0.2676 -0.2857  0.1427 -0.2049 -0.2989  0.3226 -0.2857 -0.2857  0.3883  0.2857  0.2857  0.4641]
[-0.4314 -0.2441  0.3838  0.3838 -0.4418 -0.3118 -0.4881  0.2441 -0.3078 -0.3838  0.191  -0.289  -0.3483  0.4514 -0.3838 -0.3838  0.575   0.3838  0.3838  0.6292]
[-0.502  -0.2407  0.4427  0.4427 -0.5166 -0.3452 -0.5758  0.2407 -0.3351 -0.4427  0.2207 -0.3385 -0.3791  0.5307 -0.4427 -0.4427  0.6774  0.4427  0.4427  0.719 ]
[-0.5286 -0.2251  0.4621  0.4621 -0.5459 -0.3493 -0.6121  0.2251 -0.3368 -0.4621  0.2228 -0.3505 -0.3852  0.5618 -0.4621 -0.4621  0.7199  0.4621  0.4621  0.7566]
[-0.5114 -0.1854  0.4427  0.4427 -0.5355 -0.3233 -0.6045  0.1854 -0.3028 -0.4427  0.198  -0.3282 -0.3561  0.5481 -0.4427 -0.4427  0.7188  0.4427  0.4427  0.753 ]
[-0.4492 -0.1164  0.3838  0.3838 -0.4853 -0.2666 -0.5537  0.1164 -0.2285 -0.3838  0.1521 -0.276  -0.2858  0.4898 -0.3838 -0.3838  0.6769  0.3838  0.3838  0.7063]
[-0.3406 -0.0231  0.2857  0.2857 -0.3908 -0.1814 -0.4541  0.0231 -0.1175 -0.2857  0.0935 -0.1998 -0.1748  0.3836 -0.2857 -0.2857  0.5843  0.2857  0.2857  0.5995]
[-0.1896  0.079   0.1533  0.1533 -0.248  -0.0745 -0.2986 -0.079   0.0127 -0.1533  0.031  -0.1071 -0.0351  0.2302 -0.1533 -0.1533  0.4222  0.1533  0.1533  0.4054]
[ -1.2384e-02   1.6731e-01  -9.8034e-16  -9.8034e-16  -6.3368e-02   4.2816e-02  -9.1826e-02  -1.6731e-01   1.3160e-01   9.8034e-16  -2.9695e-02  -5.0821e-03   1.0717e-01   4.2816e-02   9.8034e-16   9.8034e-16   1.7881e-01  -9.8034e-16  -9.8034e-16   1.1701e-01]
[ 0.1649  0.2223 -0.1533 -0.1533  0.1368  0.1553  0.1365 -0.2223  0.215   0.1533 -0.0874  0.1015  0.2223 -0.1513  0.1533  0.1533 -0.1172 -0.1533 -0.1533 -0.2042]
[ 0.3175  0.2421 -0.2857 -0.2857  0.3139  0.248   0.3403 -0.2421  0.2676  0.2857 -0.1427  0.2049  0.2989 -0.3226  0.2857  0.2857 -0.3883 -0.2857 -0.2857 -0.4641]
[ 0.4314  0.2441 -0.3838 -0.3838  0.4418  0.3118  0.4881 -0.2441  0.3078  0.3838 -0.191   0.289   0.3483 -0.4514  0.3838  0.3838 -0.575  -0.3838 -0.3838 -0.6292]
[ 0.502   0.2407 -0.4427 -0.4427  0.5166  0.3452  0.5758 -0.2407  0.3351  0.4427 -0.2207  0.3385  0.3791 -0.5307  0.4427  0.4427 -0.6774 -0.4427 -0.4427 -0.719 ]
[ 0.5286  0.2251 -0.4621 -0.4621  0.5459  0.3493  0.6121 -0.2251  0.3368  0.4621 -0.2228  0.3505  0.3852 -0.5618  0.4621  0.4621 -0.7199 -0.4621 -0.4621 -0.7566]
[ 0.5114  0.1854 -0.4427 -0.4427  0.5355  0.3233  0.6045 -0.1854  0.3028  0.4427 -0.198   0.3282  0.3561 -0.5481  0.4427  0.4427 -0.7188 -0.4427 -0.4427 -0.753 ]
[ 0.4492  0.1164 -0.3838 -0.3838  0.4853  0.2666  0.5537 -0.1164  0.2285  0.3838 -0.1521  0.276   0.2858 -0.4898  0.3838  0.3838 -0.6769 -0.3838 -0.3838 -0.7063]
[ 0.3406  0.0231 -0.2857 -0.2857  0.3908  0.1814  0.4541 -0.0231  0.1175  0.2857 -0.0935  0.1998  0.1748 -0.3836  0.2857  0.2857 -0.5843 -0.2857 -0.2857 -0.5995]
[ 0.1896 -0.079  -0.1533 -0.1533  0.248   0.0745  0.2986  0.079  -0.0127  0.1533 -0.031   0.1071  0.0351 -0.2302  0.1533  0.1533 -0.4222 -0.1533 -0.1533 -0.4054]
[  1.2384e-02  -1.6731e-01  -8.5725e-16  -8.5725e-16   6.3368e-02  -4.2816e-02   9.1826e-02   1.6731e-01  -1.3160e-01   8.5725e-16   2.9695e-02   5.0821e-03  -1.0717e-01  -4.2816e-02   8.5725e-16   8.5725e-16  -1.7881e-01  -8.5725e-16  -8.5725e-16  -1.1701e-01]
[-0.1649 -0.2223  0.1533  0.1533 -0.1368 -0.1553 -0.1365  0.2223 -0.215  -0.1533  0.0874 -0.1015 -0.2223  0.1513 -0.1533 -0.1533  0.1172  0.1533  0.1533  0.2042]
[-0.3175 -0.2421  0.2857  0.2857 -0.3139 -0.248  -0.3403  0.2421 -0.2676 -0.2857  0.1427 -0.2049 -0.2989  0.3226 -0.2857 -0.2857  0.3883  0.2857  0.2857  0.4641]
[-0.4314 -0.2441  0.3838  0.3838 -0.4418 -0.3118 -0.4881  0.2441 -0.3078 -0.3838  0.191  -0.289  -0.3483  0.4514 -0.3838 -0.3838  0.575   0.3838  0.3838  0.6292]
[-0.502  -0.2407  0.4427  0.4427 -0.5166 -0.3452 -0.5758  0.2407 -0.3351 -0.4427  0.2207 -0.3385 -0.3791  0.5307 -0.4427 -0.4427  0.6774  0.4427  0.4427  0.719 ]
[-0.5286 -0.2251  0.4621  0.4621 -0.5459 -0.3493 -0.6121  0.2251 -0.3368 -0.4621  0.2228 -0.3505 -0.3852  0.5618 -0.4621 -0.4621  0.7199  0.4621  0.4621  0.7566]
[-0.5114 -0.1854  0.4427  0.4427 -0.5355 -0.3233 -0.6045  0.1854 -0.3028 -0.4427  0.198  -0.3282 -0.3561  0.5481 -0.4427 -0.4427  0.7188  0.4427  0.4427  0.753 ]
[-0.4492 -0.1164  0.3838  0.3838 -0.4853 -0.2666 -0.5537  0.1164 -0.2285 -0.3838  0.1521 -0.276  -0.2858  0.4898 -0.3838 -0.3838  0.6769  0.3838  0.3838  0.7063]
[-0.3406 -0.0231  0.2857  0.2857 -0.3908 -0.1814 -0.4541  0.0231 -0.1175 -0.2857  0.0935 -0.1998 -0.1748  0.3836 -0.2857 -0.2857  0.5843  0.2857  0.2857  0.5995]
[-0.1896  0.079   0.1533  0.1533 -0.248  -0.0745 -0.2986 -0.079   0.0127 -0.1533  0.031  -0.1071 -0.0351  0.2302 -0.1533 -0.1533  0.4222  0.1533  0.1533  0.4054]
[ -1.2384e-02   1.6731e-01   2.6948e-15   2.6948e-15  -6.3368e-02   4.2816e-02  -9.1826e-02  -1.6731e-01   1.3160e-01  -2.6948e-15  -2.9695e-02  -5.0821e-03   1.0717e-01   4.2816e-02  -2.6948e-15  -2.6948e-15   1.7881e-01   2.6948e-15   2.6948e-15   1.1701e-01]
[ 0.1649  0.2223 -0.1533 -0.1533  0.1368  0.1553  0.1365 -0.2223  0.215   0.1533 -0.0874  0.1015  0.2223 -0.1513  0.1533  0.1533 -0.1172 -0.1533 -0.1533 -0.2042]
[ 0.3175  0.2421 -0.2857 -0.2857  0.3139  0.248   0.3403 -0.2421  0.2676  0.2857 -0.1427  0.2049  0.2989 -0.3226  0.2857  0.2857 -0.3883 -0.2857 -0.2857 -0.4641]
[ 0.4314  0.2441 -0.3838 -0.3838  0.4418  0.3118  0.4881 -0.2441  0.3078  0.3838 -0.191   0.289   0.3483 -0.4514  0.3838  0.3838 -0.575  -0.3838 -0.3838 -0.6292]
[ 0.502   0.2407 -0.4427 -0.4427  0.5166  0.3452  0.5758 -0.2407  0.3351  0.4427 -0.2207  0.3385  0.3791 -0.5307  0.4427  0.4427 -0.6774 -0.4427 -0.4427 -0.719 ]
[ 0.5286  0.2251 -0.4621 -0.4621  0.5459  0.3493  0.6121 -0.2251  0.3368  0.4621 -0.2228  0.3505  0.3852 -0.5618  0.4621  0.4621 -0.7199 -0.4621 -0.4621 -0.7566]
[ 0.5114  0.1854 -0.4427 -0.4427  0.5355  0.3233  0.6045 -0.1854  0.3028  0.4427 -0.198   0.3282  0.3561 -0.5481  0.4427  0.4427 -0.7188 -0.4427 -0.4427 -0.753 ]
[ 0.4492  0.1164 -0.3838 -0.3838  0.4853  0.2666  0.5537 -0.1164  0.2285  0.3838 -0.1521  0.276   0.2858 -0.4898  0.3838  0.3838 -0.6769 -0.3838 -0.3838 -0.7063]
[ 0.3406  0.0231 -0.2857 -0.2857  0.3908  0.1814  0.4541 -0.0231  0.1175  0.2857 -0.0935  0.1998  0.1748 -0.3836  0.2857  0.2857 -0.5843 -0.2857 -0.2857 -0.5995]
[ 0.1896 -0.079  -0.1533 -0.1533  0.248   0.0745  0.2986  0.079  -0.0127  0.1533 -0.031   0.1071  0.0351 -0.2302  0.1533  0.1533 -0.4222 -0.1533 -0.1533 -0.4054]
[  1.2384e-02  -1.6731e-01  -9.7972e-16  -9.7972e-16   6.3368e-02  -4.2816e-02   9.1826e-02   1.6731e-01  -1.3160e-01   9.7972e-16   2.9695e-02   5.0821e-03  -1.0717e-01  -4.2816e-02   9.7972e-16   9.7972e-16  -1.7881e-01  -9.7972e-16  -9.7972e-16  -1.1701e-01]
[-0.1649 -0.2223  0.1533  0.1533 -0.1368 -0.1553 -0.1365  0.2223 -0.215  -0.1533  0.0874 -0.1015 -0.2223  0.1513 -0.1533 -0.1533  0.1172  0.1533  0.1533  0.2042]
[-0.3175 -0.2421  0.2857  0.2857 -0.3139 -0.248  -0.3403  0.2421 -0.2676 -0.2857  0.1427 -0.2049 -0.2989  0.3226 -0.2857 -0.2857  0.3883  0.2857  0.2857  0.4641]
[-0.4314 -0.2441  0.3838  0.3838 -0.4418 -0.3118 -0.4881  0.2441 -0.3078 -0.3838  0.191  -0.289  -0.3483  0.4514 -0.3838 -0.3838  0.575   0.3838  0.3838  0.6292]
[-0.502  -0.2407  0.4427  0.4427 -0.5166 -0.3452 -0.5758  0.2407 -0.3351 -0.4427  0.2207 -0.3385 -0.3791  0.5307 -0.4427 -0.4427  0.6774  0.4427  0.4427  0.719 ]
[-0.5286 -0.2251  0.4621  0.4621 -0.5459 -0.3493 -0.6121  0.2251 -0.3368 -0.4621  0.2228 -0.3505 -0.3852  0.5618 -0.4621 -0.4621  0.7199  0.4621  0.4621  0.7566]
[-0.5114 -0.1854  0.4427  0.4427 -0.5355 -0.3233 -0.6045  0.1854 -0.3028 -0.4427  0.198  -0.3282 -0.3561  0.5481 -0.4427 -0.4427  0.7188  0.4427  0.4427  0.753 ]
[-0.4492 -0.1164  0.3838  0.3838 -0.4853 -0.2666 -0.5537  0.1164 -0.2285 -0.3838  0.1521 -0.276  -0.2858  0.4898 -0.3838 -0.3838  0.6769  0.3838  0.3838  0.7063]
[-0.3406 -0.0231  0.2857  0.2857 -0.3908 -0.1814 -0.4541  0.0231 -0.1175 -0.2857  0.0935 -0.1998 -0.1748  0.3836 -0.2857 -0.2857  0.5843  0.2857  0.2857  0.5995]
[-0.1896  0.079   0.1533  0.1533 -0.248  -0.0745 -0.2986 -0.079   0.0127 -0.1533  0.031  -0.1071 -0.0351  0.2302 -0.1533 -0.1533  0.4222  0.1533  0.1533  0.4054]
[ -1.2384e-02   1.6731e-01  -7.3541e-16  -7.3541e-16  -6.3368e-02   4.2816e-02  -9.1826e-02  -1.6731e-01   1.3160e-01   7.3541e-16  -2.9695e-02  -5.0821e-03   1.0717e-01   4.2816e-02   7.3541e-16   7.3541e-16   1.7881e-01  -7.3541e-16  -7.3541e-16   1.1701e-01]
[ 0.1649  0.2223 -0.1533 -0.1533  0.1368  0.1553  0.1365 -0.2223  0.215   0.1533 -0.0874  0.1015  0.2223 -0.1513  0.1533  0.1533 -0.1172 -0.1533 -0.1533 -0.2042]
[ 0.3175  0.2421 -0.2857 -0.2857  0.3139  0.248   0.3403 -0.2421  0.2676  0.2857 -0.1427  0.2049  0.2989 -0.3226  0.2857  0.2857 -0.3883 -0.2857 -0.2857 -0.4641]
[ 0.4314  0.2441 -0.3838 -0.3838  0.4418  0.3118  0.4881 -0.2441  0.3078  0.3838 -0.191   0.289   0.3483 -0.4514  0.3838  0.3838 -0.575  -0.3838 -0.3838 -0.6292]
[ 0.502   0.2407 -0.4427 -0.4427  0.5166  0.3452  0.5758 -0.2407  0.3351  0.4427 -0.2207  0.3385  0.3791 -0.5307  0.4427  0.4427 -0.6774 -0.4427 -0.4427 -0.719 ]
[ 0.5286  0.2251 -0.4621 -0.4621  0.5459  0.3493  0.6121 -0.2251  0.3368  0.4621 -0.2228  0.3505  0.3852 -0.5618  0.4621  0.4621 -0.7199 -0.4621 -0.4621 -0.7566]
[ 0.5114  0.1854 -0.4427 -0.4427  0.5355  0.3233  0.6045 -0.1854  0.3028  0.4427 -0.198   0.3282  0.3561 -0.5481  0.4427  0.4427 -0.7188 -0.4427 -0.4427 -0.753 ]
[ 0.4492  0.1164 -0.3838 -0.3838  0.4853  0.2666  0.5537 -0.1164  0.2285  0.3838 -0.1521  0.276   0.2858 -0.4898  0.3838  0.3838 -0.6769 -0.3838 -0.3838 -0.7063]
[ 0.3406  0.0231 -0.2857 -0.2857  0.3908  0.1814  0.4541 -0.0231  0.1175  0.2857 -0.0935  0.1998  0.1748 -0.3836  0.2857  0.2857 -0.5843 -0.2857 -0.2857 -0.5995]
[ 0.1896 -0.079  -0.1533 -0.1533  0.248   0.0745  0.2986  0.079  -0.0127  0.1533 -0.031   0.1071  0.0351 -0.2302  0.1533  0.1533 -0.4222 -0.1533 -0.1533 -0.4054]
[  1.2384e-02  -1.6731e-01  -1.1022e-15  -1.1022e-15   6.3368e-02  -4.2816e-02   9.1826e-02   1.6731e-01  -1.3160e-01   1.1022e-15   2.9695e-02   5.0821e-03  -1.0717e-01  -4.2816e-02   1.1022e-15   1.1022e-15  -1.7881e-01  -1.1022e-15  -1.1022e-15  -1.1701e-01]
[-0.1649 -0.2223  0.1533  0.1533 -0.1368 -0.1553 -0.1365  0.2223 -0.215  -0.1533  0.0874 -0.1015 -0.2223  0.1513 -0.1533 -0.1533  0.1172  0.1533  0.1533  0.2042]
[-0.3175 -0.2421  0.2857  0.2857 -0.3139 -0.248  -0.3403  0.2421 -0.2676 -0.2857  0.1427 -0.2049 -0.2989  0.3226 -0.2857 -0.2857  0.3883  0.2857  0.2857  0.4641]
[-0.4314 -0.2441  0.3838  0.3838 -0.4418 -0.3118 -0.4881  0.2441 -0.3078 -0.3838  0.191  -0.289  -0.3483  0.4514 -0.3838 -0.3838  0.575   0.3838  0.3838  0.6292]
[-0.502  -0.2407  0.4427  0.4427 -0.5166 -0.3452 -0.5758  0.2407 -0.3351 -0.4427  0.2207 -0.3385 -0.3791  0.5307 -0.4427 -0.4427  0.6774  0.4427  0.4427  0.719 ]
[-0.5286 -0.2251  0.4621  0.4621 -0.5459 -0.3493 -0.6121  0.2251 -0.3368 -0.4621  0.2228 -0.3505 -0.3852  0.5618 -0.4621 -0.4621  0.7199  0.4621  0.4621  0.7566]
[-0.5114 -0.1854  0.4427  0.4427 -0.5355 -0.3233 -0.6045  0.1854 -0.3028 -0.4427  0.198  -0.3282 -0.3561  0.5481 -0.4427 -0.4427  0.7188  0.4427  0.4427  0.753 ]
[-0.4492 -0.1164  0.3838  0.3838 -0.4853 -0.2666 -0.5537  0.1164 -0.2285 -0.3838  0.1521 -0.276  -0.2858  0.4898 -0.3838 -0.3838  0.6769  0.3838  0.3838  0.7063]
[-0.3406 -0.0231  0.2857  0.2857 -0.3908 -0.1814 -0.4541  0.0231 -0.1175 -0.2857  0.0935 -0.1998 -0.1748  0.3836 -0.2857 -0.2857  0.5843  0.2857  0.2857  0.5995]
[-0.1896  0.079   0.1533  0.1533 -0.248  -0.0745 -0.2986 -0.079   0.0127 -0.1533  0.031  -0.1071 -0.0351  0.2302 -0.1533 -0.1533  0.4222  0.1533  0.1533  0.4054]
[ -1.2384e-02   1.6731e-01   2.9398e-15   2.9398e-15  -6.3368e-02   4.2816e-02  -9.1826e-02  -1.6731e-01   1.3160e-01  -2.9398e-15  -2.9695e-02  -5.0821e-03   1.0717e-01   4.2816e-02  -2.9398e-15  -2.9398e-15   1.7881e-01   2.9398e-15   2.9398e-15   1.1701e-01]
[ 0.1649  0.2223 -0.1533 -0.1533  0.1368  0.1553  0.1365 -0.2223  0.215   0.1533 -0.0874  0.1015  0.2223 -0.1513  0.1533  0.1533 -0.1172 -0.1533 -0.1533 -0.2042]
[ 0.3175  0.2421 -0.2857 -0.2857  0.3139  0.248   0.3403 -0.2421  0.2676  0.2857 -0.1427  0.2049  0.2989 -0.3226  0.2857  0.2857 -0.3883 -0.2857 -0.2857 -0.4641]
[ 0.4314  0.2441 -0.3838 -0.3838  0.4418  0.3118  0.4881 -0.2441  0.3078  0.3838 -0.191   0.289   0.3483 -0.4514  0.3838  0.3838 -0.575  -0.3838 -0.3838 -0.6292]
[ 0.502   0.2407 -0.4427 -0.4427  0.5166  0.3452  0.5758 -0.2407  0.3351  0.4427 -0.2207  0.3385  0.3791 -0.5307  0.4427  0.4427 -0.6774 -0.4427 -0.4427 -0.719 ]
[ 0.5286  0.2251 -0.4621 -0.4621  0.5459  0.3493  0.6121 -0.2251  0.3368  0.4621 -0.2228  0.3505  0.3852 -0.5618  0.4621  0.4621 -0.7199 -0.4621 -0.4621 -0.7566]
[ 0.5114  0.1854 -0.4427 -0.4427  0.5355  0.3233  0.6045 -0.1854  0.3028  0.4427 -0.198   0.3282  0.3561 -0.5481  0.4427  0.4427 -0.7188 -0.4427 -0.4427 -0.753 ]
[ 0.4492  0.1164 -0.3838 -0.3838  0.4853  0.2666  0.5537 -0.1164  0.2285  0.3838 -0.1521  0.276   0.2858 -0.4898  0.3838  0.3838 -0.6769 -0.3838 -0.3838 -0.7063]
[ 0.3406  0.0231 -0.2857 -0.2857  0.3908  0.1814  0.4541 -0.0231  0.1175  0.2857 -0.0935  0.1998  0.1748 -0.3836  0.2857  0.2857 -0.5843 -0.2857 -0.2857 -0.5995]
[ 0.1896 -0.079  -0.1533 -0.1533  0.248   0.0745  0.2986  0.079  -0.0127  0.1533 -0.031   0.1071  0.0351 -0.2302  0.1533  0.1533 -0.4222 -0.1533 -0.1533 -0.4054]
[  1.2384e-02  -1.6731e-01  -1.2246e-15  -1.2246e-15   6.3368e-02  -4.2816e-02   9.1826e-02   1.6731e-01  -1.3160e-01   1.2246e-15   2.9695e-02   5.0821e-03  -1.0717e-01  -4.2816e-02   1.2246e-15   1.2246e-15  -1.7881e-01  -1.2246e-15  -1.2246e-15  -1.1701e-01]
[-0.1649 -0.2223  0.1533  0.1533 -0.1368 -0.1553 -0.1365  0.2223 -0.215  -0.1533  0.0874 -0.1015 -0.2223  0.1513 -0.1533 -0.1533  0.1172  0.1533  0.1533  0.2042]
[-0.3175 -0.2421  0.2857  0.2857 -0.3139 -0.248  -0.3403  0.2421 -0.2676 -0.2857  0.1427 -0.2049 -0.2989  0.3226 -0.2857 -0.2857  0.3883  0.2857  0.2857  0.4641]
[-0.4314 -0.2441  0.3838  0.3838 -0.4418 -0.3118 -0.4881  0.2441 -0.3078 -0.3838  0.191  -0.289  -0.3483  0.4514 -0.3838 -0.3838  0.575   0.3838  0.3838  0.6292]
[-0.502  -0.2407  0.4427  0.4427 -0.5166 -0.3452 -0.5758  0.2407 -0.3351 -0.4427  0.2207 -0.3385 -0.3791  0.5307 -0.4427 -0.4427  0.6774  0.4427  0.4427  0.719 ]
[-0.5286 -0.2251  0.4621  0.4621 -0.5459 -0.3493 -0.6121  0.2251 -0.3368 -0.4621  0.2228 -0.3505 -0.3852  0.5618 -0.4621 -0.4621  0.7199  0.4621  0.4621  0.7566]
[-0.5114 -0.1854  0.4427  0.4427 -0.5355 -0.3233 -0.6045  0.1854 -0.3028 -0.4427  0.198  -0.3282 -0.3561  0.5481 -0.4427 -0.4427  0.7188  0.4427  0.4427  0.753 ]
[-0.4492 -0.1164  0.3838  0.3838 -0.4853 -0.2666 -0.5537  0.1164 -0.2285 -0.3838  0.1521 -0.276  -0.2858  0.4898 -0.3838 -0.3838  0.6769  0.3838  0.3838  0.7063]
[-0.3406 -0.0231  0.2857  0.2857 -0.3908 -0.1814 -0.4541  0.0231 -0.1175 -0.2857  0.0935 -0.1998 -0.1748  0.3836 -0.2857 -0.2857  0.5843  0.2857  0.2857  0.5995]
[-0.1896  0.079   0.1533  0.1533 -0.248  -0.0745 -0.2986 -0.079   0.0127 -0.1533  0.031  -0.1071 -0.0351  0.2302 -0.1533 -0.1533  0.4222  0.1533  0.1533  0.4054]
[ -1.2384e-02   1.6731e-01  -4.9048e-16  -4.9048e-16  -6.3368e-02   4.2816e-02  -9.1826e-02  -1.6731e-01   1.3160e-01   4.9048e-16  -2.9695e-02  -5.0821e-03   1.0717e-01   4.2816e-02   4.9048e-16   4.9048e-16   1.7881e-01  -4.9048e-16  -4.9048e-16   1.1701e-01]
[ 0.1649  0.2223 -0.1533 -0.1533  0.1368  0.1553  0.1365 -0.2223  0.215   0.1533 -0.0874  0.1015  0.2223 -0.1513  0.1533  0.1533 -0.1172 -0.1533 -0.1533 -0.2042]
[ 0.3175  0.2421 -0.2857 -0.2857  0.3139  0.248   0.3403 -0.2421  0.2676  0.2857 -0.1427  0.2049  0.2989 -0.3226  0.2857  0.2857 -0.3883 -0.2857 -0.2857 -0.4641]
[ 0.4314  0.2441 -0.3838 -0.3838  0.4418  0.3118  0.4881 -0.2441  0.3078  0.3838 -0.191   0.289   0.3483 -0.4514  0.3838  0.3838 -0.575  -0.3838 -0.3838 -0.6292]
[ 0.502   0.2407 -0.4427 -0.4427  0.5166  0.3452  0.5758 -0.2407  0.3351  0.4427 -0.2207  0.3385  0.3791 -0.5307  0.4427  0.4427 -0.6774 -0.4427 -0.4427 -0.719 ]
[ 0.5286  0.2251 -0.4621 -0.4621  0.5459  0.3493  0.6121 -0.2251  0.3368  0.4621 -0.2228  0.3505  0.3852 -0.5618  0.4621  0.4621 -0.7199 -0.4621 -0.4621 -0.7566]
[ 0.5114  0.1854 -0.4427 -0.4427  0.5355  0.3233  0.6045 -0.1854  0.3028  0.4427 -0.198   0.3282  0.3561 -0.5481  0.4427  0.4427 -0.7188 -0.4427 -0.4427 -0.753 ]
[ 0.4492  0.1164 -0.3838 -0.3838  0.4853  0.2666  0.5537 -0.1164  0.2285  0.3838 -0.1521  0.276   0.2858 -0.4898  0.3838  0.3838 -0.6769 -0.3838 -0.3838 -0.7063]
[ 0.3406  0.0231 -0.2857 -0.2857  0.3908  0.1814  0.4541 -0.0231  0.1175  0.2857 -0.0935  0.1998  0.1748 -0.3836  0.2857  0.2857 -0.5843 -0.2857 -0.2857 -0.5995]
[ 0.1896 -0.079  -0.1533 -0.1533  0.248   0.0745  0.2986  0.079  -0.0127  0.1533 -0.031   0.1071  0.0351 -0.2302  0.1533  0.1533 -0.4222 -0.1533 -0.1533 -0.4054]
[  1.2384e-02  -1.6731e-01  -4.8998e-15  -4.8998e-15   6.3368e-02  -4.2816e-02   9.1826e-02   1.6731e-01  -1.3160e-01   4.8998e-15   2.9695e-02   5.0821e-03  -1.0717e-01  -4.2816e-02   4.8998e-15   4.8998e-15  -1.7881e-01  -4.8998e-15  -4.8998e-15  -1.1701e-01]
[-0.1649 -0.2223  0.1533  0.1533 -0.1368 -0.1553 -0.1365  0.2223 -0.215  -0.1533  0.0874 -0.1015 -0.2223  0.1513 -0.1533 -0.1533  0.1172  0.1533  0.1533  0.2042]
[-0.3175 -0.2421  0.2857  0.2857 -0.3139 -0.248  -0.3403  0.2421 -0.2676 -0.2857  0.1427 -0.2049 -0.2989  0.3226 -0.2857 -0.2857  0.3883  0.2857  0.2857  0.4641]
[-0.4314 -0.2441  0.3838  0.3838 -0.4418 -0.3118 -0.4881  0.2441 -0.3078 -0.3838  0.191  -0.289  -0.3483  0.4514 -0.3838 -0.3838  0.575   0.3838  0.3838  0.6292]
[-0.502  -0.2407  0.4427  0.4427 -0.5166 -0.3452 -0.5758  0.2407 -0.3351 -0.4427  0.2207 -0.3385 -0.3791  0.5307 -0.4427 -0.4427  0.6774  0.4427  0.4427  0.719 ]
[-0.5286 -0.2251  0.4621  0.4621 -0.5459 -0.3493 -0.6121  0.2251 -0.3368 -0.4621  0.2228 -0.3505 -0.3852  0.5618 -0.4621 -0.4621  0.7199  0.4621  0.4621  0.7566]
[-0.5114 -0.1854  0.4427  0.4427 -0.5355 -0.3233 -0.6045  0.1854 -0.3028 -0.4427  0.198  -0.3282 -0.3561  0.5481 -0.4427 -0.4427  0.7188  0.4427  0.4427  0.753 ]
[-0.4492 -0.1164  0.3838  0.3838 -0.4853 -0.2666 -0.5537  0.1164 -0.2285 -0.3838  0.1521 -0.276  -0.2858  0.4898 -0.3838 -0.3838  0.6769  0.3838  0.3838  0.7063]
[-0.3406 -0.0231  0.2857  0.2857 -0.3908 -0.1814 -0.4541  0.0231 -0.1175 -0.2857  0.0935 -0.1998 -0.1748  0.3836 -0.2857 -0.2857  0.5843  0.2857  0.2857  0.5995]
[-0.1896  0.079   0.1533  0.1533 -0.248  -0.0745 -0.2986 -0.079   0.0127 -0.1533  0.031  -0.1071 -0.0351  0.2302 -0.1533 -0.1533  0.4222  0.1533  0.1533  0.4054]
[ -1.2384e-02   1.6731e-01   3.1847e-15   3.1847e-15  -6.3368e-02   4.2816e-02  -9.1826e-02  -1.6731e-01   1.3160e-01  -3.1847e-15  -2.9695e-02  -5.0821e-03   1.0717e-01   4.2816e-02  -3.1847e-15  -3.1847e-15   1.7881e-01   3.1847e-15   3.1847e-15   1.1701e-01]
[ 0.1649  0.2223 -0.1533 -0.1533  0.1368  0.1553  0.1365 -0.2223  0.215   0.1533 -0.0874  0.1015  0.2223 -0.1513  0.1533  0.1533 -0.1172 -0.1533 -0.1533 -0.2042]
[ 0.3175  0.2421 -0.2857 -0.2857  0.3139  0.248   0.3403 -0.2421  0.2676  0.2857 -0.1427  0.2049  0.2989 -0.3226  0.2857  0.2857 -0.3883 -0.2857 -0.2857 -0.4641]
[ 0.4314  0.2441 -0.3838 -0.3838  0.4418  0.3118  0.4881 -0.2441  0.3078  0.3838 -0.191   0.289   0.3483 -0.4514  0.3838  0.3838 -0.575  -0.3838 -0.3838 -0.6292]
[ 0.502   0.2407 -0.4427 -0.4427  0.5166  0.3452  0.5758 -0.2407  0.3351  0.4427 -0.2207  0.3385  0.3791 -0.5307  0.4427  0.4427 -0.6774 -0.4427 -0.4427 -0.719 ]
[ 0.5286  0.2251 -0.4621 -0.4621  0.5459  0.3493  0.6121 -0.2251  0.3368  0.4621 -0.2228  0.3505  0.3852 -0.5618  0.4621  0.4621 -0.7199 -0.4621 -0.4621 -0.7566]
[ 0.5114  0.1854 -0.4427 -0.4427  0.5355  0.3233  0.6045 -0.1854  0.3028  0.4427 -0.198   0.3282  0.3561 -0.5481  0.4427  0.4427 -0.7188 -0.4427 -0.4427 -0.753 ]
[ 0.4492  0.1164 -0.3838 -0.3838  0.4853  0.2666  0.5537 -0.1164  0.2285  0.3838 -0.1521  0.276   0.2858 -0.4898  0.3838  0.3838 -0.6769 -0.3838 -0.3838 -0.7063]
[ 0.3406  0.0231 -0.2857 -0.2857  0.3908  0.1814  0.4541 -0.0231  0.1175  0.2857 -0.0935  0.1998  0.1748 -0.3836  0.2857  0.2857 -0.5843 -0.2857 -0.2857 -0.5995]
[ 0.1896 -0.079  -0.1533 -0.1533  0.248   0.0745  0.2986  0.079  -0.0127  0.1533 -0.031   0.1071  0.0351 -0.2302  0.1533  0.1533 -0.4222 -0.1533 -0.1533 -0.4054]
[  1.2384e-02  -1.6731e-01  -1.4696e-15  -1.4696e-15   6.3368e-02  -4.2816e-02   9.1826e-02   1.6731e-01  -1.3160e-01   1.4696e-15   2.9695e-02   5.0821e-03  -1.0717e-01  -4.2816e-02   1.4696e-15   1.4696e-15  -1.7881e-01  -1.4696e-15  -1.4696e-15  -1.1701e-01]
[-0.1649 -0.2223  0.1533  0.1533 -0.1368 -0.1553 -0.1365  0.2223 -0.215  -0.1533  0.0874 -0.1015 -0.2223  0.1513 -0.1533 -0.1533  0.1172  0.1533  0.1533  0.2042]
[-0.3175 -0.2421  0.2857  0.2857 -0.3139 -0.248  -0.3403  0.2421 -0.2676 -0.2857  0.1427 -0.2049 -0.2989  0.3226 -0.2857 -0.2857  0.3883  0.2857  0.2857  0.4641]
[-0.4314 -0.2441  0.3838  0.3838 -0.4418 -0.3118 -0.4881  0.2441 -0.3078 -0.3838  0.191  -0.289  -0.3483  0.4514 -0.3838 -0.3838  0.575   0.3838  0.3838  0.6292]
[-0.502  -0.2407  0.4427  0.4427 -0.5166 -0.3452 -0.5758  0.2407 -0.3351 -0.4427  0.2207 -0.3385 -0.3791  0.5307 -0.4427 -0.4427  0.6774  0.4427  0.4427  0.719 ]
[-0.5286 -0.2251  0.4621  0.4621 -0.5459 -0.3493 -0.6121  0.2251 -0.3368 -0.4621  0.2228 -0.3505 -0.3852  0.5618 -0.4621 -0.4621  0.7199  0.4621  0.4621  0.7566]
[-0.5114 -0.1854  0.4427  0.4427 -0.5355 -0.3233 -0.6045  0.1854 -0.3028 -0.4427  0.198  -0.3282 -0.3561  0.5481 -0.4427 -0.4427  0.7188  0.4427  0.4427  0.753 ]
[-0.4492 -0.1164  0.3838  0.3838 -0.4853 -0.2666 -0.5537  0.1164 -0.2285 -0.3838  0.1521 -0.276  -0.2858  0.4898 -0.3838 -0.3838  0.6769  0.3838  0.3838  0.7063]
[-0.3406 -0.0231  0.2857  0.2857 -0.3908 -0.1814 -0.4541  0.0231 -0.1175 -0.2857  0.0935 -0.1998 -0.1748  0.3836 -0.2857 -0.2857  0.5843  0.2857  0.2857  0.5995]
[-0.1896  0.079   0.1533  0.1533 -0.248  -0.0745 -0.2986 -0.079   0.0127 -0.1533  0.031  -0.1071 -0.0351  0.2302 -0.1533 -0.1533  0.4222  0.1533  0.1533  0.4054]
[ -1.2384e-02   1.6731e-01  -2.4555e-16  -2.4555e-16  -6.3368e-02   4.2816e-02  -9.1826e-02  -1.6731e-01   1.3160e-01   2.4555e-16  -2.9695e-02  -5.0821e-03   1.0717e-01   4.2816e-02   2.4555e-16   2.4555e-16   1.7881e-01  -2.4555e-16  -2.4555e-16   1.1701e-01]
[ 0.1649  0.2223 -0.1533 -0.1533  0.1368  0.1553  0.1365 -0.2223  0.215   0.1533 -0.0874  0.1015  0.2223 -0.1513  0.1533  0.1533 -0.1172 -0.1533 -0.1533 -0.2042]
[ 0.3175  0.2421 -0.2857 -0.2857  0.3139  0.248   0.3403 -0.2421  0.2676  0.2857 -0.1427  0.2049  0.2989 -0.3226  0.2857  0.2857 -0.3883 -0.2857 -0.2857 -0.4641]
[ 0.4314  0.2441 -0.3838 -0.3838  0.4418  0.3118  0.4881 -0.2441  0.3078  0.3838 -0.191   0.289   0.3483 -0.4514  0.3838  0.3838 -0.575  -0.3838 -0.3838 -0.6292]
[ 0.502   0.2407 -0.4427 -0.4427  0.5166  0.3452  0.5758 -0.2407  0.3351  0.4427 -0.2207  0.3385  0.3791 -0.5307  0.4427  0.4427 -0.6774 -0.4427 -0.4427 -0.719 ]
[ 0.5286  0.2251 -0.4621 -0.4621  0.5459  0.3493  0.6121 -0.2251  0.3368  0.4621 -0.2228  0.3505  0.3852 -0.5618  0.4621  0.4621 -0.7199 -0.4621 -0.4621 -0.7566]
[ 0.5114  0.1854 -0.4427 -0.4427  0.5355  0.3233  0.6045 -0.1854  0.3028  0.4427 -0.198   0.3282  0.3561 -0.5481  0.4427  0.4427 -0.7188 -0.4427 -0.4427 -0.753 ]
[ 0.4492  0.1164 -0.3838 -0.3838  0.4853  0.2666  0.5537 -0.1164  0.2285  0.3838 -0.1521  0.276   0.2858 -0.4898  0.3838  0.3838 -0.6769 -0.3838 -0.3838 -0.7063]
[ 0.3406  0.0231 -0.2857 -0.2857  0.3908  0.1814  0.4541 -0.0231  0.1175  0.2857 -0.0935  0.1998  0.1748 -0.3836  0.2857  0.2857 -0.5843 -0.2857 -0.2857 -0.5995]
[ 0.1896 -0.079  -0.1533 -0.1533  0.248   0.0745  0.2986  0.079  -0.0127  0.1533 -0.031   0.1071  0.0351 -0.2302  0.1533  0.1533 -0.4222 -0.1533 -0.1533 -0.4054]
[  1.2384e-02  -1.6731e-01   1.9607e-15   1.9607e-15   6.3368e-02  -4.2816e-02   9.1826e-02   1.6731e-01  -1.3160e-01  -1.9607e-15   2.9695e-02   5.0821e-03  -1.0717e-01  -4.2816e-02  -1.9607e-15  -1.9607e-15  -1.7881e-01   1.9607e-15   1.9607e-15  -1.1701e-01]
[-0.1649 -0.2223  0.1533  0.1533 -0.1368 -0.1553 -0.1365  0.2223 -0.215  -0.1533  0.0874 -0.1015 -0.2223  0.1513 -0.1533 -0.1533  0.1172  0.1533  0.1533  0.2042]
[-0.3175 -0.2421  0.2857  0.2857 -0.3139 -0.248  -0.3403  0.2421 -0.2676 -0.2857  0.1427 -0.2049 -0.2989  0.3226 -0.2857 -0.2857  0.3883  0.2857  0.2857  0.4641]
[-0.4314 -0.2441  0.3838  0.3838 -0.4418 -0.3118 -0.4881  0.2441 -0.3078 -0.3838  0.191  -0.289  -0.3483  0.4514 -0.3838 -0.3838  0.575   0.3838  0.3838  0.6292]
[-0.502  -0.2407  0.4427  0.4427 -0.5166 -0.3452 -0.5758  0.2407 -0.3351 -0.4427  0.2207 -0.3385 -0.3791  0.5307 -0.4427 -0.4427  0.6774  0.4427  0.4427  0.719 ]
[-0.5286 -0.2251  0.4621  0.4621 -0.5459 -0.3493 -0.6121  0.2251 -0.3368 -0.4621  0.2228 -0.3505 -0.3852  0.5618 -0.4621 -0.4621  0.7199  0.4621  0.4621  0.7566]
[-0.5114 -0.1854  0.4427  0.4427 -0.5355 -0.3233 -0.6045  0.1854 -0.3028 -0.4427  0.198  -0.3282 -0.3561  0.5481 -0.4427 -0.4427  0.7188  0.4427  0.4427  0.753 ]
[-0.4492 -0.1164  0.3838  0.3838 -0.4853 -0.2666 -0.5537  0.1164 -0.2285 -0.3838  0.1521 -0.276  -0.2858  0.4898 -0.3838 -0.3838  0.6769  0.3838  0.3838  0.7063]
[-0.3406 -0.0231  0.2857  0.2857 -0.3908 -0.1814 -0.4541  0.0231 -0.1175 -0.2857  0.0935 -0.1998 -0.1748  0.3836 -0.2857 -0.2857  0.5843  0.2857  0.2857  0.5995]
[-0.1896  0.079   0.1533  0.1533 -0.248  -0.0745 -0.2986 -0.079   0.0127 -0.1533  0.031  -0.1071 -0.0351  0.2302 -0.1533 -0.1533  0.4222  0.1533  0.1533  0.4054]
[ -1.2384e-02   1.6731e-01   3.4296e-15   3.4296e-15  -6.3368e-02   4.2816e-02  -9.1826e-02  -1.6731e-01   1.3160e-01  -3.4296e-15  -2.9695e-02  -5.0821e-03   1.0717e-01   4.2816e-02  -3.4296e-15  -3.4296e-15   1.7881e-01   3.4296e-15   3.4296e-15   1.1701e-01]
[ 0.1649  0.2223 -0.1533 -0.1533  0.1368  0.1553  0.1365 -0.2223  0.215   0.1533 -0.0874  0.1015  0.2223 -0.1513  0.1533  0.1533 -0.1172 -0.1533 -0.1533 -0.2042]
[ 0.3175  0.2421 -0.2857 -0.2857  0.3139  0.248   0.3403 -0.2421  0.2676  0.2857 -0.1427  0.2049  0.2989 -0.3226  0.2857  0.2857 -0.3883 -0.2857 -0.2857 -0.4641]
[ 0.4314  0.2441 -0.3838 -0.3838  0.4418  0.3118  0.4881 -0.2441  0.3078  0.3838 -0.191   0.289   0.3483 -0.4514  0.3838  0.3838 -0.575  -0.3838 -0.3838 -0.6292]
[ 0.502   0.2407 -0.4427 -0.4427  0.5166  0.3452  0.5758 -0.2407  0.3351  0.4427 -0.2207  0.3385  0.3791 -0.5307  0.4427  0.4427 -0.6774 -0.4427 -0.4427 -0.719 ]
[ 0.5286  0.2251 -0.4621 -0.4621  0.5459  0.3493  0.6121 -0.2251  0.3368  0.4621 -0.2228  0.3505  0.3852 -0.5618  0.4621  0.4621 -0.7199 -0.4621 -0.4621 -0.7566]
[ 0.5114  0.1854 -0.4427 -0.4427  0.5355  0.3233  0.6045 -0.1854  0.3028  0.4427 -0.198   0.3282  0.3561 -0.5481  0.4427  0.4427 -0.7188 -0.4427 -0.4427 -0.753 ]
[ 0.4492  0.1164 -0.3838 -0.3838  0.4853  0.2666  0.5537 -0.1164  0.2285  0.3838 -0.1521  0.276   0.2858 -0.4898  0.3838  0.3838 -0.6769 -0.3838 -0.3838 -0.7063]
[ 0.3406  0.0231 -0.2857 -0.2857  0.3908  0.1814  0.4541 -0.0231  0.1175  0.2857 -0.0935  0.1998  0.1748 -0.3836  0.2857  0.2857 -0.5843 -0.2857 -0.2857 -0.5995]
[ 0.1896 -0.079  -0.1533 -0.1533  0.248   0.0745  0.2986  0.079  -0.0127  0.1533 -0.031   0.1071  0.0351 -0.2302  0.1533  0.1533 -0.4222 -0.1533 -0.1533 -0.4054]
[  1.2384e-02  -1.6731e-01  -1.7145e-15  -1.7145e-15   6.3368e-02  -4.2816e-02   9.1826e-02   1.6731e-01  -1.3160e-01   1.7145e-15   2.9695e-02   5.0821e-03  -1.0717e-01  -4.2816e-02   1.7145e-15   1.7145e-15  -1.7881e-01  -1.7145e-15  -1.7145e-15  -1.1701e-01]
[-0.1649 -0.2223  0.1533  0.1533 -0.1368 -0.1553 -0.1365  0.2223 -0.215  -0.1533  0.0874 -0.1015 -0.2223  0.1513 -0.1533 -0.1533  0.1172  0.1533  0.1533  0.2042]
[-0.3175 -0.2421  0.2857  0.2857 -0.3139 -0.248  -0.3403  0.2421 -0.2676 -0.2857  0.1427 -0.2049 -0.2989  0.3226 -0.2857 -0.2857  0.3883  0.2857  0.2857  0.4641]
[-0.4314 -0.2441  0.3838  0.3838 -0.4418 -0.3118 -0.4881  0.2441 -0.3078 -0.3838  0.191  -0.289  -0.3483  0.4514 -0.3838 -0.3838  0.575   0.3838  0.3838  0.6292]
[-0.502  -0.2407  0.4427  0.4427 -0.5166 -0.3452 -0.5758  0.2407 -0.3351 -0.4427  0.2207 -0.3385 -0.3791  0.5307 -0.4427 -0.4427  0.6774  0.4427  0.4427  0.719 ]
[-0.5286 -0.2251  0.4621  0.4621 -0.5459 -0.3493 -0.6121  0.2251 -0.3368 -0.4621  0.2228 -0.3505 -0.3852  0.5618 -0.4621 -0.4621  0.7199  0.4621  0.4621  0.7566]
[-0.5114 -0.1854  0.4427  0.4427 -0.5355 -0.3233 -0.6045  0.1854 -0.3028 -0.4427  0.198  -0.3282 -0.3561  0.5481 -0.4427 -0.4427  0.7188  0.4427  0.4427  0.753 ]
[-0.4492 -0.1164  0.3838  0.3838 -0.4853 -0.2666 -0.5537  0.1164 -0.2285 -0.3838  0.1521 -0.276  -0.2858  0.4898 -0.3838 -0.3838  0.6769  0.3838  0.3838  0.7063]
[-0.3406 -0.0231  0.2857  0.2857 -0.3908 -0.1814 -0.4541  0.0231 -0.1175 -0.2857  0.0935 -0.1998 -0.1748  0.3836 -0.2857 -0.2857  0.5843  0.2857  0.2857  0.5995]
[-0.1896  0.079   0.1533  0.1533 -0.248  -0.0745 -0.2986 -0.079   0.0127 -0.1533  0.031  -0.1071 -0.0351  0.2302 -0.1533 -0.1533  0.4222  0.1533  0.1533  0.4054]
[ -1.2384e-02   1.6731e-01  -6.1898e-19  -6.1898e-19  -6.3368e-02   4.2816e-02  -9.1826e-02  -1.6731e-01   1.3160e-01   6.1898e-19  -2.9695e-02  -5.0821e-03   1.0717e-01   4.2816e-02   6.1898e-19   6.1898e-19   1.7881e-01  -6.1898e-19  -6.1898e-19   1.1701e-01]
[ 0.1649  0.2223 -0.1533 -0.1533  0.1368  0.1553  0.1365 -0.2223  0.215   0.1533 -0.0874  0.1015  0.2223 -0.1513  0.1533  0.1533 -0.1172 -0.1533 -0.1533 -0.2042]
[ 0.3175  0.2421 -0.2857 -0.2857  0.3139  0.248   0.3403 -0.2421  0.2676  0.2857 -0.1427  0.2049  0.2989 -0.3226  0.2857  0.2857 -0.3883 -0.2857 -0.2857 -0.4641]
[ 0.4314  0.2441 -0.3838 -0.3838  0.4418  0.3118  0.4881 -0.2441  0.3078  0.3838 -0.191   0.289   0.3483 -0.4514  0.3838  0.3838 -0.575  -0.3838 -0.3838 -0.6292]
[ 0.502   0.2407 -0.4427 -0.4427  0.5166  0.3452  0.5758 -0.2407  0.3351  0.4427 -0.2207  0.3385  0.3791 -0.5307  0.4427  0.4427 -0.6774 -0.4427 -0.4427 -0.719 ]
[ 0.5286  0.2251 -0.4621 -0.4621  0.5459  0.3493  0.6121 -0.2251  0.3368  0.4621 -0.2228  0.3505  0.3852 -0.5618  0.4621  0.4621 -0.7199 -0.4621 -0.4621 -0.7566]
[ 0.5114  0.1854 -0.4427 -0.4427  0.5355  0.3233  0.6045 -0.1854  0.3028  0.4427 -0.198   0.3282  0.3561 -0.5481  0.4427  0.4427 -0.7188 -0.4427 -0.4427 -0.753 ]
[ 0.4492  0.1164 -0.3838 -0.3838  0.4853  0.2666  0.5537 -0.1164  0.2285  0.3838 -0.1521  0.276   0.2858 -0.4898  0.3838  0.3838 -0.6769 -0.3838 -0.3838 -0.7063]
[ 0.3406  0.0231 -0.2857 -0.2857  0.3908  0.1814  0.4541 -0.0231  0.1175  0.2857 -0.0935  0.1998  0.1748 -0.3836  0.2857  0.2857 -0.5843 -0.2857 -0.2857 -0.5995]
[ 0.1896 -0.079  -0.1533 -0.1533  0.248   0.0745  0.2986  0.079  -0.0127  0.1533 -0.031   0.1071  0.0351 -0.2302  0.1533  0.1533 -0.4222 -0.1533 -0.1533 -0.4054]

new weights [ 0.7013  0.2605 -0.9622 -0.9638  6.8065 -9.7273 -3.206  -0.2477 -1.1305  0.964   3.8677  4.6163  2.5332  6.4102  0.964   0.964   0.409  -0.964  -0.964  -0.0911]
Train MSE 1.10940746578e-29
Test MSE 3.43836645399e-16
