0.0
0.123701979627
0.239712769302
0.340819380012
0.420735492404
0.474492309678
0.498747493302
0.491992973437
0.454648713413
0.389036598444
0.299236072052
0.190830496026
0.0705600040299
-0.0540975672651
-0.175391613845
-0.285780659371
-0.378401247654
-0.447494679114
-0.488765058833
-0.499646394488
-0.479462137332
-0.429467246713
-0.352770162785
-0.25413953875
-0.139707749099
-0.0165896082738
0.107559994044
0.22502203689
0.328493299359
0.411540439506
0.468999988387
0.497299389556
0.494679123312
0.46130210512
0.399243556312
0.312361976877
0.206059242621
0.0869447426902
-0.0375755602309
-0.159759596811
-0.272010555445
-0.367349215202
-0.439847879986
-0.48499893396
-0.499995103275
-0.483903998756
-0.437726087344
-0.364332487914
-0.268286459
-0.155559677491
-0.0331609486756
0.0912995673156
0.210083518413
0.315805493859
0.401892213276
0.462991221404
0.495303677847
0.496820550566
0.467447527762
0.409010881727
0.325143920079
0.221061084288
0.103233740969
-0.0210121763594
-0.143951658333
-0.257940923409
-0.355892671185
-0.431716736404
-0.48069874594
-0.49979323568
-0.487813002734
-0.445502919962
-0.375493623386
-0.282137951981
-0.171240309235
-0.0496957734494
0.0749386048315
0.194913663623
0.30276993486
0.391801437989
0.456472625364
0.492762555783
0.498414897139
0.473078214225
0.418327819268
0.337567826646
0.235819501547
0.119409062015
-0.0044256546452
-0.127985205535
-0.24358725623
-0.344044231129
-0.423110202088
-0.475869229981
-0.49904101399
-0.491184844814
-0.452789181003
-0.386241278966
-0.295678764933
-0.186732377392
-0.0661758750489
0.0584951226872
0.179529177011
0.289400976644
0.38127922524
0.449451378306
0.489678821552
0.499460407394
0.478187964202
0.427184109462
0.349620015828
0.250318242966
0.135452894154
0.0121657404386
-0.111877820093
-0.228965359643
-0.331816942106
-0.414037754239
-0.470515704171
-0.497739266525
-0.494015812046
-0.459576847102
-0.396563619729
-0.308893987205
-0.202018822662
-0.0825831061868
0.0419872278459
0.163946999413
0.275713340621
0.370337161705
0.441935211773
0.486055870851
0.499955930054
0.482771151022
0.435570000085
0.361287216191
0.26454134306
0.151347570503
0.0287437390525
-0.0956472388745
-0.214091334748
-0.319224268362
-0.404509383106
-0.464644063618
-0.495889426722
-0.496302787073
-0.465858443927
-0.406449279087
-0.321769066678
-0.217082812167
-0.0988993998182
0.0254330981997
0.148184289355
0.261722099117
0.358987296386
0.433932402292
0.481897693142
0.499900919466
0.486822727847
0.443476256899
0.37255658024
0.278473139869
0.167075588424
0.0452900861086
-0.0793113344024
-0.198981560278
-0.306280076488
-0.394535580985
-0.458260773958
-0.493493531556
-0.49804325156
-0.471627054415
-0.415887371314
-0.334289825783
-0.231907757992
-0.115106789035
0.00885096255271
0.132258404158
0.247442658776
0.347242127341
0.425451762267
0.477208867258
0.499295436206
0.490338233229
0.450894173824
0.383415698562
0.292098292207
0.182619628797
0.0617865613726
-0.0628880951796
-0.183652674567
-0.292998620157
-0.384127330662
-0.451372864236
-0.490554219302
-0.499235288971
-0.47687632638
-0.424867503527
-0.346442477117
-0.246477335447
-0.131187426852
-0.00774091945159
0.116186880828
0.232890743599
0.335114587922
0.416502630268
0.471994556363
0.498140147011
0.49331379602
0.45781558252
0.393852613492
0.305401796551
0.197962575091
0.0782149995273
-0.0463956058787
-0.168121557225
-0.279394524426
-0.373296093324
-0.443987919169
-0.487074726621
-0.499877586679
-0.481600479516
-0.43337978713
-0.358213638622
-0.260775501043
-0.147123605856
-0.0243242774375
0.099987416739
0.218082377624
0.322618032533
0.407094860754
0.466260502266
0.496436324042
0.49574613964
0.464232861383
0.40385583228
0.31836900357
0.213087532213
0.0945573101754
-0.0298520274276
-0.152405310551
-0.265482769628
-0.362053795934
-0.436114070788
-0.483058885004
-0.499969437409
-0.485794311758
-0.441414848709
-0.369590348325
-0.274786510164
-0.162897777707
-0.0408808504158
0.0836778501514
0.203033867283
0.309766221926
0.397238813218
0.460013019098
0.494185843488
0.497632585681
0.470138943939
0.413414339745
0.330985634245
0.227977845111
0.11079549776
-0.013275577012
-0.136521240705
-0.25127867488
-0.3504128181
-0.427759989488
-0.478511116551
-0.499510740017
-0.489453205011
-0.448963840345
-0.380560078607
-0.288494934394
-0.178492572463
-0.0573924068916
0.0672761405652
0.187761783448
0.296573308046
0.386945340779
0.453258986362
0.491391183496
0.498971056856
0.475527326627
0.422517610408
0.343237795604
0.242617117115
0.126911681381
0.00331549198514
-0.120486838644
-0.236797881215
-0.338385978444
-0.418934874479
-0.473436429097
-0.498501999606
-0.492573130234
-0.456018449364
-0.391110750002
-0.301885678519
0.0
0.123701979627
0.239712769302
0.340819380012
0.420735492404
0.474492309678
0.498747493302
0.491992973437
0.454648713413
0.389036598444
0.299236072052
0.190830496026
0.0705600040299
-0.0540975672651
-0.175391613845
-0.285780659371
-0.378401247654
-0.447494679114
-0.488765058833
-0.499646394488
-0.479462137332
-0.429467246713
-0.352770162785
-0.25413953875
-0.139707749099
-0.0165896082738
0.107559994044
0.22502203689
0.328493299359
0.411540439506
0.468999988387
0.497299389556
0.494679123312
0.46130210512
0.399243556312
0.312361976877
0.206059242621
0.0869447426902
-0.0375755602309
-0.159759596811
-0.272010555445
-0.367349215202
-0.439847879986
-0.48499893396
-0.499995103275
-0.483903998756
-0.437726087344
-0.364332487914
-0.268286459
-0.155559677491
-0.0331609486756
0.0912995673156
0.210083518413
0.315805493859
0.401892213276
0.462991221404
0.495303677847
0.496820550566
0.467447527762
0.409010881727
0.325143920079
0.221061084288
0.103233740969
-0.0210121763594
-0.143951658333
-0.257940923409
-0.355892671185
-0.431716736404
-0.48069874594
-0.49979323568
-0.487813002734
-0.445502919962
-0.375493623386
-0.282137951981
-0.171240309235
-0.0496957734494
0.0749386048315
0.194913663623
0.30276993486
0.391801437989
0.456472625364
0.492762555783
0.498414897139
0.473078214225
0.418327819268
0.337567826646
0.235819501547
0.119409062015
-0.0044256546452
-0.127985205535
-0.24358725623
-0.344044231129
-0.423110202088
-0.475869229981
-0.49904101399
-0.491184844814
-0.452789181003
-0.386241278966
-0.295678764933
-0.186732377392
-0.0661758750489
0.0584951226872
0.179529177011
0.289400976644
0.38127922524
0.449451378306
0.489678821552
0.499460407394
0.478187964202
0.427184109462
0.349620015828
0.250318242966
0.135452894154
0.0121657404386
-0.111877820093
-0.228965359643
-0.331816942106
-0.414037754239
-0.470515704171
-0.497739266525
-0.494015812046
-0.459576847102
-0.396563619729
-0.308893987205
-0.202018822662
-0.0825831061868
0.0419872278459
0.163946999413
0.275713340621
0.370337161705
0.441935211773
0.486055870851
0.499955930054
0.482771151022
0.435570000085
0.361287216191
0.26454134306
0.151347570503
0.0287437390525
-0.0956472388745
-0.214091334748
-0.319224268362
-0.404509383106
-0.464644063618
-0.495889426722
-0.496302787073
-0.465858443927
-0.406449279087
-0.321769066678
-0.217082812167
-0.0988993998182
0.0254330981997
0.148184289355
0.261722099117
0.358987296386
0.433932402292
0.481897693142
0.499900919466
0.486822727847
0.443476256899
0.37255658024
0.278473139869
0.167075588424
0.0452900861086
-0.0793113344024
-0.198981560278
-0.306280076488
-0.394535580985
-0.458260773958
-0.493493531556
-0.49804325156
-0.471627054415
-0.415887371314
-0.334289825783
-0.231907757992
-0.115106789035
0.00885096255271
0.132258404158
0.247442658776
0.347242127341
0.425451762267
0.477208867258
0.499295436206
0.490338233229
0.450894173824
0.383415698562
0.292098292207
0.182619628797
0.0617865613726
-0.0628880951796
-0.183652674567
-0.292998620157
-0.384127330662
-0.451372864236
-0.490554219302
-0.499235288971
-0.47687632638
-0.424867503527
-0.346442477117
-0.246477335447
-0.131187426852
-0.00774091945159
0.116186880828
0.232890743599
0.335114587922
0.416502630268
0.471994556363
0.498140147011
0.49331379602
0.45781558252
0.393852613492
0.305401796551
0.197962575091
0.0782149995273
-0.0463956058787
-0.168121557225
-0.279394524426
-0.373296093324
-0.443987919169
-0.487074726621
-0.499877586679
-0.481600479516
-0.43337978713
-0.358213638622
-0.260775501043
-0.147123605856
-0.0243242774375
0.099987416739
0.218082377624
0.322618032533
0.407094860754
0.466260502266
0.496436324042
0.49574613964
0.464232861383
0.40385583228
0.31836900357
0.213087532213
0.0945573101754
-0.0298520274276
-0.152405310551
-0.265482769628
-0.362053795934
-0.436114070788
-0.483058885004
-0.499969437409
-0.485794311758
-0.441414848709
-0.369590348325
-0.274786510164
-0.162897777707
-0.0408808504158
0.0836778501514
0.203033867283
0.309766221926
0.397238813218
0.460013019098
0.494185843488
0.497632585681
0.470138943939
0.413414339745
0.330985634245
0.227977845111
0.11079549776
-0.013275577012
-0.136521240705
-0.25127867488
-0.3504128181
-0.427759989488
-0.478511116551
-0.499510740017
-0.489453205011
-0.448963840345
-0.380560078607
-0.288494934394
-0.178492572463
-0.0573924068916
0.0672761405652
0.187761783448
0.296573308046
0.386945340779
0.453258986362
0.491391183496
0.498971056856
0.475527326627
0.422517610408
0.343237795604
0.242617117115
0.126911681381
0.00331549198514
-0.120486838644
-0.236797881215
-0.338385978444
-0.418934874479
-0.473436429097
-0.498501999606
-0.492573130234
-0.456018449364
-0.391110750002
-0.301885678519
