0.154508497187474
 0.293892626146237
 0.404508497187474
 0.475528258147577
 0.500000000000000
 0.475528258147577
 0.404508497187474
 0.293892626146237
 0.154508497187474
 6.12323399573677e-17

-0.154508497187474
-0.293892626146237
-0.404508497187474
-0.475528258147577
-0.500000000000000
-0.475528258147577
-0.404508497187474
-0.293892626146237
-0.154508497187474
-1.22464679914735e-16
 0.154508497187474
 0.293892626146236
 0.404508497187474
 0.475528258147577
 0.500000000000000
 0.475528258147577
 0.404508497187474
 0.293892626146237
 0.154508497187474
 1.83697019872103e-16

-0.154508497187474
-0.293892626146236
-0.404508497187474
-0.475528258147577
-0.500000000000000
-0.475528258147577
-0.404508497187474
-0.293892626146237
-0.154508497187474
-2.44929359829471e-16
 0.154508497187473
 0.293892626146236
 0.404508497187474
 0.475528258147577
 0.500000000000000
 0.475528258147577
 0.404508497187474
 0.293892626146237
 0.154508497187474
 3.06161699786838e-16

-0.154508497187473
-0.293892626146236
-0.404508497187474
-0.475528258147577
-0.500000000000000
-0.475528258147577
-0.404508497187473
-0.293892626146237
-0.154508497187475
-3.67394039744206e-16
 0.154508497187474
 0.293892626146236
 0.404508497187473
 0.475528258147577
 0.500000000000000
 0.475528258147577
 0.404508497187475
 0.293892626146237
 0.154508497187473
 4.28626379701574e-16

-0.154508497187472
-0.293892626146236
-0.404508497187474
-0.475528258147577
-0.500000000000000
-0.475528258147577
-0.404508497187473
-0.293892626146237
-0.154508497187475
-4.89858719658941e-16
 0.154508497187474
 0.293892626146236
 0.404508497187473
 0.475528258147577
 0.500000000000000
 0.475528258147577
 0.404508497187475
 0.293892626146237
 0.154508497187473
 5.51091059616309e-16

-0.154508497187472
-0.293892626146236
-0.404508497187474
-0.475528258147577
-0.500000000000000
-0.475528258147577
-0.404508497187474
-0.293892626146237
-0.154508497187475
-6.12323399573677e-16
 0.154508497187474
 0.293892626146235
 0.404508497187473
 0.475528258147577
 0.500000000000000
 0.475528258147576
 0.404508497187475
 0.293892626146237
 0.154508497187474
 2.44991257893129e-15

-0.154508497187472
-0.293892626146236
-0.404508497187474
-0.475528258147577
-0.500000000000000
-0.475528258147577
-0.404508497187474
-0.293892626146239
-0.154508497187475
-7.34788079488412e-16
 0.154508497187474
 0.293892626146237
 0.404508497187473
 0.475528258147577
 0.500000000000000
 0.475528258147578
 0.404508497187475
 0.293892626146237
 0.154508497187474
 -9.80336419954471e-16
 -0.154508497187472
-0.293892626146236
-0.404508497187474
-0.475528258147576
-0.500000000000000
-0.475528258147577
-0.404508497187474
-0.293892626146236
-0.154508497187475
-8.57252759403147e-16
 0.154508497187474
 0.293892626146234
 0.404508497187473
 0.475528258147577
 0.500000000000000
 0.475528258147577
 0.404508497187475
 0.293892626146237
 0.154508497187474
 2.69484193876077e-15

-0.154508497187472
-0.293892626146236
-0.404508497187474
-0.475528258147577
-0.500000000000000
-0.475528258147577
-0.404508497187474
-0.293892626146239
-0.154508497187475
-9.79717439317883e-16
 0.154508497187474
 0.293892626146237
 0.404508497187473
 0.475528258147577
 0.500000000000000
 0.475528258147578
 0.404508497187475
 0.293892626146237
 0.154508497187474
 -7.35407060125000e-16
 -0.154508497187472
-0.293892626146236
-0.404508497187474
-0.475528258147576
-0.500000000000000
-0.475528258147577
-0.404508497187474
-0.293892626146236
-0.154508497187476
-1.10218211923262e-15
 0.154508497187474
 0.293892626146234
 0.404508497187473
 0.475528258147576
 0.500000000000000
 0.475528258147577
 0.404508497187475
 0.293892626146238
 0.154508497187474
 2.93977129859024e-15

-0.154508497187472
-0.293892626146236
-0.404508497187474
-0.475528258147577
-0.500000000000000
-0.475528258147577
-0.404508497187474
-0.293892626146239
-0.154508497187476
-1.22464679914735e-15
 0.154508497187473
 0.293892626146237
 0.404508497187472
 0.475528258147575
 0.500000000000000
 0.475528258147578
 0.404508497187475
 0.293892626146238
 0.154508497187474
 -4.90477700295530e-16
 -0.154508497187475
-0.293892626146238
-0.404508497187471
-0.475528258147576
-0.500000000000000
-0.475528258147577
-0.404508497187474
-0.293892626146236
-0.154508497187472
-4.89982515786259e-15
 0.154508497187470
 0.293892626146234
 0.404508497187472
 0.475528258147576
 0.500000000000000
 0.475528258147577
 0.404508497187473
 0.293892626146235
 0.154508497187478
 3.18470065841971e-15

-0.154508497187472
-0.293892626146235
-0.404508497187473
-0.475528258147577
-0.500000000000000
-0.475528258147578
-0.404508497187476
-0.293892626146239
-0.154508497187476
-1.46957615897682e-15
 0.154508497187473
 0.293892626146237
 0.404508497187474
 0.475528258147577
 0.500000000000000
 0.475528258147578
 0.404508497187475
 0.293892626146238
 0.154508497187474
 -2.45548340466059e-16
 -0.154508497187475
-0.293892626146232
-0.404508497187471
-0.475528258147576
-0.500000000000000
-0.475528258147577
-0.404508497187474
-0.293892626146236
-0.154508497187473
1.96067283990894e-15

0.154508497187470
 0.293892626146234
 0.404508497187472
 0.475528258147576
 0.500000000000000
 0.475528258147577
 0.404508497187473
 0.293892626146241
 0.154508497187478
 3.42963001824918e-15

-0.154508497187471
-0.293892626146235
-0.404508497187473
-0.475528258147577
-0.500000000000000
-0.475528258147576
-0.404508497187476
-0.293892626146239
-0.154508497187476
-1.71450551880629e-15
 0.154508497187473
 0.293892626146237
 0.404508497187474
 0.475528258147575
 0.500000000000000
 0.475528258147578
 0.404508497187475
 0.293892626146238
 0.154508497187475
 -6.18980636588358e-19
 -0.154508497187475
-0.293892626146238
-0.404508497187471
-0.475528258147576
-0.500000000000000
-0.475528258147577
-0.404508497187474
-0.293892626146237
-0.154508497187473
-5.38968387752153e-15

